8.387454380966616
7.732613577389023
11.215270669234474
29.129233427705046
22.482095304405078
-17.202598560649033
4.291630812418827
6.116971290920318
3.5276395753583243
6.359660197792765
7.743408891271076
11.30554245524235
-3.177192133525743
6.1195092402888305
3.662731354120361
8.350003066284632
25.38658907638669
12.938148294897845
9.18896018749112
8.318034809323962
-1.8060904172471735
9.49819713318644
9.690116502323793
10.583440916228206
9.647228767117692
-13.087640632748611
6.894956733017611
-14.581432976181715
16.54932409313625
4.860437150281253
15.112938595432245
18.278668969992346
-15.916112191730123
13.234319597167332
4.1393220016078764
-3.1720942132494856
14.139462030485959
-6.741820707023571
11.45311614909269
1.8207787697512425
5.586264344033572
8.833052085769825
-6.411754324541629
15.135920653818575
8.39977983236474
3.988803830268346
2.6476713711533613
1.9795534939817927
20.891836242796362
25.54215895337757
7.168034312019112
11.686910017848184
5.50936243957014
8.099336526163576
4.147542188438616
7.321964103861846
14.146160805155992
3.9098080637824033
35.564725555382324
9.987114146307025
3.617541844933595
5.786909385706603
-2.452495732269334
8.78249960547998
9.731910132305359
0.8338302436719457
15.341240654415273
13.478530665775995
8.172366592211208
4.1957774070587845
15.721213370920594
8.80362822973509
11.198949925194796
6.911306214769023
6.208693020856862
13.921873617631137
17.778725974463587
-11.531803519522617
8.076615715068815
23.56567559799359
6.464176375190799
31.889500643565214
7.249464852735034
7.794380518263688
3.013951440248884
19.578183103616304
16.66920919778977
8.142612521140997
11.291365669445321
9.185706189777314
18.042597114927858
1.8978439379476084
4.698837057079588
10.86272757538157
10.214469579848313
6.2029762265878405
9.894439470187521
11.571543420212231
3.474006223013159
4.481478386228029
6.509264744976583
5.847871072239271
-6.658488816363449
8.125653389297025
7.002190973034434
7.57257403427298
12.790526474764842
-13.00283580583656
6.306185752244684
22.15005878032173
12.384370293154802
3.481242516137339
13.636622841052308
4.646519670264013
6.549751772889511
6.8992711845297015
10.249183454286463
-9.190366639391312
11.619269276004431
17.408920514144654
6.6896020703432315
13.80565413567463
4.10971783935911
18.94003267093095
21.155890218769848
27.611668757725518
6.905275820070936
7.685649606769661
5.34401600416989
25.74157747609286
6.200763813546867
11.1431749610835
8.793970218255666
23.70823632147337
6.9503401512708605
1.4413974850612656
7.184140705173895
12.275446961536584
22.679677875268418
7.054527705816238
6.355527454562012
9.612674700627075
8.745340355039072
20.239578948465315
7.428952913736576
5.488857874771834
4.7671494133929855
4.327573944305911
14.71391534452157
9.919727932370474
5.929131252266507
5.4761281916056355
4.88573697180933
10.513976827051536
3.650247609331717
-4.097200365308557
10.226683069879625
9.600746663249275
12.268153933167456
6.108890990164727
23.262262925867596
5.376732227061833
4.065033520947747
9.79201050170862
14.243164647691977
-9.543565688149641
11.443604851995426
4.5399218854871854
19.121173175623575
9.490270266160376
8.95966227008324
8.903675330097329
9.069126370222406
8.995962187826063
3.899757342480071
-10.304884947399017
11.4080154609396
-13.676957603686477
7.1223074272435225
5.047810288237581
12.352824560100057
6.857604039817967
16.31012407778781
25.78503190879728
22.88782636476542
10.180553539016346
7.608077358835008
17.063785399369323
6.27429834718142
2.905137321722214
12.631915283217205
19.94865617351794
-2.43504105366105
8.540164226375559
6.544312543943757
11.734256959984581
9.379557873193953
21.158982037332066
13.891226990096428
15.690194551142273
-4.317529476451914
7.567976521789364
8.942003434526821
10.946271779993182
4.31163970546293
11.010638211138659
20.230051683539063
10.520886444002935
24.466007560825574
6.705779291020778
12.532245793753944
8.241739461402295
37.478091112723924
4.632256022816189
46.37050044443403
-3.39116744840195
4.489160896546107
16.105628439306983
8.482636230327511
16.457937364138974
11.981007022598158
6.939224527914965
13.06607185733774
47.12872357336414
6.7168261711070185
8.938607308773207
10.928190837539669
5.630913279942372
45.8034516395925
13.741094352063998
11.827909266164136
22.819198725797154
8.319167949887529
25.500183535868388
6.873276856357357
18.04304204250232
15.64467983194769
27.23263778037837
4.1289587821755545
4.764656530917037
4.4858566156117625
16.78517462809322
10.164017540928834
4.061281641429392
21.50122793654222
6.837575756691151
14.4024879370465
32.14935699736695
11.335520009378286
10.892937321210134
20.472715270610937
3.5611632459813087
7.36405703119659
4.621998770956807
22.59192695308812
14.926537763658537
13.935585943687558
-7.728403177700914
6.480168170526933
25.152525933476497
8.274972703258864
11.713584870734739
6.969823528192347
7.26034558566231
24.622545689537134
4.768388559293505
10.179105198684574
20.349213252124958
7.013235102649303
4.59618406715948
11.607441882258211
5.864027681975595
18.71050198896872
16.533600179061427
6.379390819837659
-0.5914132226090472
8.465626215086257
30.64786832324203
4.5190046203563226
8.142448637359518
13.78722221896176
6.702885207292033
9.852507272907786
9.422909470978055
11.550290626999395
-4.606362766540337
18.122190126309185
4.257720843777611
13.445580433517758
17.106310184401323
-1.8133632072157022
15.533580786868628
16.479346525788323
24.241964438485965
13.04248129961553
8.28195781913446
18.629412727933023
4.413122260145769
10.897075761094673
8.502187281125881
24.219450745440053
3.918717504799087
13.217736795030312
12.725928085283435
17.62409935871813
14.696043845690784
12.807351543241598
13.951622614460419
30.74154470721399
1.9333862536571114
13.490048277199682
5.0572103992400805
16.30441863961169
18.76955417429841
9.462873733714236
4.195535680964869
6.812451899183591
-7.690937567078445
7.105119964382044
14.707803467431752
31.44173095937024
15.730849018285467
15.216856309795538
20.77353774131857
6.54992150751693
3.5850796998909225
13.012965547739313
-7.832271240128403
5.961793594626115
14.270035892756702
11.254180191098907
12.70527792925914
-10.8087026052533
3.014325081252018
4.938736426462512
10.443927168204674
6.186958820672529
-4.457755756517951
5.9887506898790575
10.833515232833062
-3.930859458145839
10.851140689221817
11.571519385711799
9.528530069143894
1.6441878778494359
6.715740745570421
19.613263924748356
4.062341407276186
8.379875432907468
15.381358275179144
9.844727810424516
15.510826749345005
32.303910935127206
8.803486551225472
22.605082155971434
4.471674867454739
13.198455714238417
3.2160156651634875
7.802303608177904
4.969427355097224
7.0034766800612855
2.121826466633216
7.9622429325603425
6.362486385975787
6.176869156958925
21.587541884473325
5.781414729702173
-3.4258690386355695
5.899181152463334
7.745737238821145
-2.745835551355933
5.222056575535998
12.844332850243003
6.158171269693461
5.460958444830534
8.565636920248291
28.354155669831655
7.689349238274846
3.2765664776024748
11.950328763651054
9.92311967832902
2.007576022298451
2.1420413848845605
10.27672954322271
12.855919951953407
-7.701230770247561
5.687137704279918
14.485660233195834
5.206841671719796
4.411425338742677
-0.3699773723280622
16.951420970341974
13.931961297618873
5.146838179671845
6.08515052135407
5.753499879209595
33.87474311337367
6.822584994833704
5.530701888096266
18.815965991439157
2.6777817501725925
7.178940953394611
23.409784170245974
12.67209497190721
6.406210151346069
11.030371173247884
27.898036149556678
9.373730707315808
9.31112413586349
7.9072526377185515
-0.335633408136825
7.971525206545681
8.292950627638291
8.609126302057614
4.1810955993122
13.574445126394325
19.906153825684896
12.895017023800605
9.343421577717532
5.185968694434094
5.81009577504152
13.974088035952922
18.260086821274044
7.628606997803074
10.10051779020258
8.525931878307002
5.549066382390172
16.892789751401615
16.308203154389417
4.363297538470487
6.0507029404647135
3.604438437749265
5.379916908406442
8.669338653450389
8.007969185294723
23.995726803909882
6.438944425844568
22.578680634933043
8.469127918384515
13.658550242962281
9.773231921357858
7.805629522797723
18.675804637116844
10.620494507976455
17.595994057747525
11.881218662002492
15.35848327483645
4.76597710751821
21.50071235293071
7.530802991194153
41.5162232017176
13.195238875353834
10.205107041843613
13.770834665407012
9.286847413571461
9.169333358143518
8.01522592110101
10.30884811495347
7.913553725777734
22.651243679922565
1.5947450212815992
6.494391316201283
11.698302887543013
12.873275919816257
11.359351163364455
8.684404577430708
4.85999185688427
18.80132716742397
13.273926892953876
7.574523191839912
-7.492347079273555
9.818582769743955
15.622340221777186
8.852385804105573
12.013210127488023
13.597724184028879
4.544932477997455
9.266157923160343
31.575906291447488
3.6010081117785573
7.616162237099156
18.485507485142524
32.895113995006625
20.954797037068094
5.523564284736359
23.383225501169626
6.515532361456105
9.58655408599044
6.204626815069832
48.08647127981728
7.3747655484431105
31.262713421692148
13.216825434004999
34.71167312841032
4.517373554758326
-14.130298554665428
12.373493677206955
5.319547045012981
3.5731324301116203
4.512564785829919
12.20205604264815
6.537571962951115
1.7573849722336483
6.619783681826956
11.724907147049024
5.302220899031511
7.091775522377998
25.9295113131229
22.640404445177793
14.792209725147975
-11.080340764937022
17.398181421525287
24.287904320613084
3.070080203805424
5.038933975251993
17.96471970196605
19.405114646964225
1.7644390699006056
22.415927905627548
16.546221490867296
10.644240806421045
12.856169186702306
4.8662671235503225
7.477067544786699
2.44979898300918
11.4089236016721
7.103311768555765
4.6071326426282075
1.7198817963587054
10.623390702309184
3.513170516715906
6.571903269184772
17.4551386291279
14.463859917899546
14.956567172012988
12.968208836282528
6.576119238353268
-2.80370128641319
5.872863080545648
5.195256795342395
6.168764584386139
33.89549974822949
14.04666342716432
11.457457498186276
11.954365475863266
-8.915913147311073
6.933364071866429
-4.441133255357631
9.647051693074264
5.627895809062419
6.182283570536003
10.922780205998857
9.66988243892158
21.21244068672503
13.008012804508066
-8.93985135751368
14.915504261556435
5.353133819646959
15.044817538851182
7.630534389185942
24.0213934663264
8.077728666188719
13.520865497784103
30.84658746454286
7.663739677367679
34.23728031135278
26.35693137627633
5.268810515182657
22.41075421356337
16.405799003541404
5.539226332779361
5.045421294184082
7.6088694460931725
-5.917941348790697
2.661115567780154
-5.99761254727847
9.619928026332591
12.667987815218364
8.142469373925831
13.654796497563588
8.942335229336617
13.438324214865068
-14.63239520222549
4.996320076265956
8.692340655808028
23.806123993067843
17.6734391434581
9.166874497164585
7.2751551351477515
12.054210962134146
5.844828789847469
4.76765225293133
2.1673748393603374
15.625027420075119
9.001228220186619
8.091371591514854
10.891742701406946
13.711163103737453
4.609205916346638
10.314314940542612
12.743281922644869
6.163656889218752
7.369488548848998
3.7356434073044764
12.360941269633845
5.928119000028334
8.797514405235509
30.33856646732847
6.424669297696123
19.528546352856228
7.725717349217715
11.171948951993908
4.004724342161367
10.597152796355644
6.036057380467411
10.458597067368409
2.7306726094633325
6.689203927881887
6.230825942128063
8.957179107192374
-5.743090189268631
16.67511519368037
31.88847864036908
2.2532085016282473
27.925621501216924
13.714575555985693
13.559203753933433
13.016964977448044
13.892997891067244
11.435356652823383
6.830299166000099
9.599575430736024
0.031338627476708576
18.53189215436209
-4.341037467221625
21.02165763372416
11.360253691775855
1.4115433136057192
19.046790189943653
6.403052609027437
3.1486312109576895
11.989898355577282
3.6087111412269053
24.177659655246345
7.675930394524509
-5.595382961935231
14.603225856380632
4.537114509095012
16.74224162349008
4.232735676689724
-14.451199469679745
9.611298435028251
12.873606495887728
32.42994163355196
10.423275659652315
13.829368066390872
7.328967307651438
6.319416379345323
1.74724547459003
20.68980557647281
9.191595651533657
9.493036922366784
13.936014806991539
4.147480360421902
30.187650116764104
6.190836141252351
12.389940826476018
13.387972289026663
13.601303906814925
6.651518543780114
7.751831612402712
3.9668053722474914
5.095794580271999
21.815914688537656
6.79657822689948
-11.005303151119556
11.741362064360167
8.682643354595829
11.02287243626786
6.633040041058543
35.61569588731011
16.768663539281256
7.096146802475359
3.2108289095905205
22.113564017892074
1.3650927824182546
9.50272011966571
6.747379371127656
7.4509044730972915
13.560122911087637
8.529214892268044
5.491828251127614
13.962354357200384
18.55147907133552
13.901669996942731
6.660105779026405
12.435883297063956
6.14435525962236
14.98759604172813
5.486464371853393
-15.755964965059343
13.680510687457971
8.015897009322856
7.267214314390325
2.4509305236161008
4.391358451205828
8.276929787813138
4.433071162181729
9.722722287334548
15.852960811912897
9.033041395634555
7.411706457710076
13.2668100721991
4.274491843307697
7.4612456604637165
5.264884691682364
9.335491823562034
7.389365189792951
2.6096967355294707
8.556619281399428
25.599526656908882
28.41404914340962
10.043347414742431
35.17653322413387
29.78558990214694
2.6150594545986934
9.383046188096362
5.950058470198128
11.286386736882035
39.76619080297431
2.2661309050358467
21.857117197247305
-3.2317589468294914
13.945447199260174
7.259095536778331
-2.05710935367901
8.145403557682329
4.518915382260228
11.230342648621853
11.407173337855534
3.7044914242469247
14.782143368150516
-6.884687490408112
5.026098615079643
11.815223281499609
6.393953076140316
10.905962078884592
9.231397537252242
4.298445662445821
8.823454610130643
12.065465593444964
9.869016407272905
8.704085896880002
4.0834686908973445
5.4303304533920125
5.941910306627661
14.983381012076055
11.979142849711117
10.06132216569781
3.5417913353264225
4.975715185928699
7.03200371150481
9.56740821550251
6.121147567740063
11.681571220166369
10.037031772209037
4.9417829916020315
5.908063499880224
11.285368180092458
17.827531831399458
6.278550985666672
5.188882709519934
8.29220202693951
5.693526050922496
18.590865870103787
11.785361060776271
7.50386140823273
-11.860993257667952
23.390469116987376
3.5846452366954225
4.165286747725442
7.57769908093332
16.36322209304597
6.979270756923049
13.266986548386328
6.198170058291278
17.186978839500526
8.706584621807806
10.243842589126839
4.946909001710377
5.683165993677594
10.848513748971424
14.222404519301836
25.417152482094473
10.990499017881163
4.375236531735045
11.527870966204317
6.6513151158442625
3.4545885189335754
5.16070019098069
18.615023510373014
19.843614947237118
11.695406504789158
10.853643850105545
9.42395820590517
12.507442232261507
3.559913410848586
21.781143012410354
16.237295177111996
13.266380826522514
-15.62910450983294
6.1417136078652055
8.616953802987563
4.0148673359503135
1.4647733948503214
-15.972629707691643
7.511261273951881
10.796291120006664
7.842091602402902
19.221615750667326
31.608071619177572
16.253150863861336
6.0251037096759426
22.06794971926349
6.303071393489141
6.667013938265721
6.264170678798448
29.015853411200254
29.482626681127606
15.92047591266658
7.898988772438776
5.055735115609386
18.261805095971894
15.549765652327212
4.7503606424274665
12.377126666026907
36.01989160037113
-2.438926998229409
31.644062553259907
4.580697712808784
6.737167305531148
12.106817372548086
-7.6753313077942416
16.684364463387926
5.23681749671817
-15.29935802620271
7.521400801112593
13.365578406281983
12.83345214835941
25.840672785510506
41.18279163822144
36.067093685760696
11.314032001740177
14.316925031818599
29.66282143191541
6.594969755316928
26.358049720902386
12.545942174361953
22.88223316486908
25.498904212958298
3.2352045354151855
11.295591404054843
8.257253390008696
11.922882739803857
17.973993193190857
8.888921792207686
8.303684886935347
16.227596972364893
-4.539795853296125
7.543147611965369
4.130643401997967
7.454136085474402
22.743267160564493
14.356340860372853
7.183143072921495
4.389487565448632
7.553781263962832
8.218072296472531
14.123771018914415
23.63412244392802
-2.074120439736097
11.43866762647101
-5.820195222925323
8.750025491912165
9.55983468737766
5.868228685930435
7.691453545623876
12.14457474278505
29.504004767825435
17.339133846885296
-6.991027209346791
29.979005759826265
18.894453387533943
3.2475502478731952
3.13816476219091
9.266298110421218
6.947557404833049
10.776395056243715
6.834589451175904
25.310504361445993
9.399907542556793
26.19600162585155
15.588257982001599
6.347808810410057
10.829321264107136
15.636890809717958
9.586627334407797
7.780332361705052
14.251383718165059
8.73969349599409
4.381342892982662
3.8441289840753887
-4.919084145581916
13.393259974561087
8.266586132428968
7.831687056643172
10.653814127054073
18.225382084500925
8.237063280614773
6.1034748621795485
2.2865227302298576
8.116824629020975
12.61038594264016
23.194290043860164
7.146473156396108
16.230139484252916
10.162984399593437
-14.329076364088051
3.5371246790666184
18.130529168843072
15.653448133641435
25.229482752225778
4.274006999327053
1.3225930765502372
6.485572571784682
2.8843432703111658
15.717481443859544
18.212136960719462
29.9312735960004
3.6426567795637084
5.255318038200471
16.61101318421543
11.131028291336015
8.691737744924676
10.809158903661828
2.421821067059248
4.690876086070734
19.31226780403802
18.912225017767902
2.37516353642902
4.962633970029638
2.390174138091947
-7.586421155631163
7.770528311353796
8.374286738382565
48.54798719729316
10.273766771742327
9.11906572578075
15.730056145778565
9.209795025698472
10.559036186695248
49.101223659874044
8.878447004881817
30.65578339800635
7.352048906225291
12.504197181252552
23.036492392370512
4.440311139055428
10.277100651589965
7.08729336534229
2.4523595132945806
19.598816289941652
11.19318946290755
7.945461440960716
36.70815259363795
-4.031995863382875
16.716275479573827
10.511622957201052
9.193644881783307
7.468349813416931
2.823659002470304
10.955425345243032
27.531735694795493
23.588879635063876
12.638482226458983
6.056267503049027
7.433471703194953
6.786192022756455
15.792691320086007
3.0650172112311687
4.229243616895106
8.319974890074217
24.467896782120604
8.83042229753973
7.864816952068675
21.817555723705972
9.94305536880778
27.86009403338187
8.543576927182823
8.316757158508274
