25.29954530731658
26.805560271730258
17.79516158814674
41.13872251597117
25.93845863327379
16.684351623894493
29.688469807855867
19.27908356531697
34.95678159946841
41.91983821225142
39.296423820395795
26.11600296533739
40.68694256169927
28.741918328429996
36.05066568271363
23.23312254883653
12.915865754254822
20.417474168418632
36.05713673661037
25.418540802310833
29.57433251322906
38.72882424093874
24.716468408453945
26.957331084050754
29.2124410261249
17.577248545012957
10.231703480073728
27.476054702574086
17.319148760979076
33.13440518030492
26.08107358245016
39.83283424820491
30.324944564876787
28.45701730386804
29.81676803103957
38.273173455335325
13.611017917877895
26.066337018513966
18.572010776299745
5.558917016456264
21.879730418604318
38.04411585416568
24.984590681201272
32.40085201654161
12.159894068093962
18.755061021342346
33.817462596151366
28.605838459594256
34.66905135849742
31.367351550038553
37.37705611950648
29.43443395400417
37.17151385328074
31.379504499400976
30.74869620375827
37.52313296148676
8.223450753410141
34.537366655967844
23.181118084440246
31.270621699375155
25.14602258773683
35.61097989881151
15.73862384909014
29.096338083428627
22.587768270098376
35.81681727900761
25.92627707411479
24.531256644581582
23.518592968817288
34.45729040630334
37.92065093185245
12.399046852625965
31.047620468330557
34.715077096815385
39.6763218903543
27.890257754090392
26.11207961877698
37.97511330891985
27.50717252650963
31.102185280221327
19.400202277064473
10.257371196224614
26.497877827149985
34.32132580088328
17.01643795529812
32.45695999106208
32.328916372091754
25.573588605775353
25.541896030217845
29.82107158718374
33.29436994948426
24.996030606594726
28.230303398182667
35.56389335958325
26.684462847373073
40.17902083516005
23.939500170575812
34.39540280003693
6.177562190405597
19.828845103371357
29.573961452019493
32.835806310765506
19.45432463671977
18.880892355012527
26.87461533003804
21.082748443145928
19.055117813415677
15.291977473659802
18.949784578140786
33.823738124044404
39.5319010690771
16.331785229154868
23.43691429186594
32.96339446287511
36.600374249094074
20.2253032621054
15.794031274796644
34.126441487792796
32.277670496881555
17.71090705404537
27.974137952088974
34.47401515250069
12.777504090165472
36.515754110136605
14.126346862101185
11.469432084078154
42.17090833647278
27.443128384461353
23.622486862344463
41.21894088404572
22.51103164367377
16.159352429139112
20.037123445843005
28.586446689584623
38.05485779557848
36.625166425514124
25.116543554616957
31.187481801618688
34.21431459635127
23.160713789590023
31.503324350026404
25.22135077876543
33.05340653065573
29.388657554654745
20.552269785901593
16.75423133578972
42.260726984293015
14.972350863353338
38.12797667460694
6.868279948326807
30.063751387165972
23.763923683980565
42.10109035714504
31.491648262242194
6.331819378712851
28.506241981426598
23.321830408978975
31.630261384717016
39.260992968308955
26.77863267324409
31.09448591568755
20.39480451551189
15.90406674857902
31.546938754045538
21.267923745456745
23.270438361598252
31.597087544153478
32.000914849777395
32.72665305874576
33.68964456174097
34.3246518050019
31.7440725242861
33.50861288186553
28.692964786623477
29.33497088179817
34.224812116136725
22.749273026223122
35.13640021920713
23.677229863172432
29.66298379356271
23.41523747476817
31.327296108136274
11.601794183122484
23.542980698112387
20.169866476539195
24.979175581926157
18.180739160152076
32.58380320107299
14.21418762608777
32.34767430249227
28.67932078759936
25.298490431194402
23.092828343205852
24.431058225941918
38.99297344316251
31.16904745934049
23.195223680286148
30.197585158627444
30.697491243870058
22.693029955191943
22.233813960925044
18.326299725130394
23.383968112085093
39.91031276694978
25.18998439768702
23.484390908490532
37.11488562952696
26.88364210199062
25.82666955054101
31.965105669382694
35.30312277973716
26.51364197155326
34.25102975905804
36.810510566845835
26.854944933877228
34.79727161137053
27.793782756895013
27.612301522633924
36.50856637908958
25.4687617884738
23.653969122522497
31.783517926075543
23.39947202993516
20.777906521147997
39.27567966669381
13.866520639010162
30.52172928772853
15.94819586850283
48.5797277937069
16.722929618354378
35.766324256151314
25.77492953160683
39.3156215601796
36.97097642044419
38.00905273480352
32.909105462964355
23.55968830985261
22.566946964124348
35.27881920493483
20.36234478335434
24.669544840023832
35.45891420051874
23.77421720539305
21.04081794926841
23.209650709220085
17.31189210760044
37.38899097150699
22.214145342602546
26.00558141871091
40.10616137613832
26.591120734611543
19.32318824304093
32.01175407992551
36.278427348173864
41.05013185785012
58.07041255474871
29.504681230853368
32.02107362527214
27.769744954750898
25.109629683535793
27.751121351689978
22.943815096641757
33.68273405896708
30.215624917904815
20.882418534820655
23.561008769894727
33.777799829329474
58.12451587770883
19.32823626601623
26.454338202502115
30.704975129828448
14.643488049891921
13.189119316616946
29.565744604030186
34.43596737723894
26.108774286265607
21.51134197191554
18.849964066602205
16.960045402073995
23.12948452653051
25.111015074217722
32.079074733007985
20.647713976997505
31.181171247962087
33.71046785228474
26.69908697617845
31.120993484013574
31.588747010131275
39.22646968470384
34.98656319063354
38.53387083988217
21.350107072021313
27.663101869131914
32.18060925042873
45.08553115906621
30.21451883064527
22.137598291805
44.10279728595781
28.463800342715608
19.99879903449287
29.04323278423488
31.25363560186864
20.552788430970487
50.40685209994804
25.13715440049817
22.28430940167192
13.147824331371565
35.636903493946946
39.334028015060184
36.588526439622115
35.81824042858249
17.19986463538517
26.223799356177494
35.65139832152394
31.971911398024915
30.449438030377888
17.90088333301715
33.6484037969925
34.530503130971276
26.78623618025766
21.65548414758002
20.180435397391783
25.54731406730714
37.87594662740184
29.925907914645077
18.241898308939792
26.1280162591424
16.23484094021427
25.282300068760936
33.28133039764745
34.068444856556084
15.537251573347232
34.73382559612486
35.720832112617515
25.315157425979017
28.898025349260003
34.044839528802385
28.908170210450272
25.666824087960247
21.767918292689302
23.12655833552261
40.10289973656856
23.232281712109316
25.400338939259726
28.609879761742746
17.347203868560673
18.469651245095818
24.710894047593076
32.397853279982506
34.09224548511951
32.32145558668902
27.519390294363888
35.63084272560421
32.726643603756145
34.90900402125269
13.655175944433722
19.08658736271098
18.482307164369402
34.419094472503026
21.956684765654977
20.736358580766932
29.192579090760834
26.52700514771888
22.25220345877364
8.717916866389578
27.122726964778046
36.92447725813713
21.45195760985471
30.74842851433768
33.96482988223285
31.13801200512289
17.009104730445475
34.37734772153218
21.155882421630736
38.48386611553097
19.476349726232492
28.67253316141449
27.738964260702726
29.627324423973874
19.998645214747533
35.32427109450788
19.53571633951284
28.157858885895894
26.651784319477656
22.580198024879927
14.71071012211934
39.11408752749552
21.125994552386544
26.9419599419182
29.794648930949847
36.442138975086415
28.349746143087042
30.128597283019026
24.382835171993346
42.41194054073109
29.677580339358176
47.22730415907945
30.397286000385133
33.84444513678969
18.68561986738285
25.764446492487355
26.354681110734994
33.4212646331967
35.10756360239963
19.73345306706839
33.913479257619336
36.0443762235009
27.33623337838043
30.664300726255433
23.077003962462843
21.127861138675506
14.782939943326912
37.00222276611641
36.04051485105023
31.046055881905005
32.28854620960868
23.259822140672547
33.90927379297069
41.173668425376285
31.3305908236098
22.283164029942505
21.611202557136213
22.525469901145723
36.503671628740115
25.31453546487227
59.80023104670293
20.965407542080918
22.098751546647648
34.23827844294539
41.185323201995494
31.3975887587817
22.369212314866974
42.29476231757222
36.1503927924449
35.68437476281967
28.069918070454744
32.52704028771442
33.202920230003166
29.580081129582503
27.156967808617342
16.084383694149388
13.262721851277579
28.017712791390977
10.376499220628023
20.026671535122496
24.580383829013805
38.37933663635414
32.38565547135964
33.061887253154026
33.44447857047492
33.33812879080293
31.547888469810786
31.665222040376836
35.769329412161454
40.467162765872295
11.403507203189207
31.31082165793994
32.72143433698117
31.494045043801748
32.12573937921432
29.38715389842104
23.837017442290602
15.24458684280755
29.68935508441171
20.118410573935197
35.35972502686034
30.97931649639507
8.217652967218475
27.70786798391738
34.93940133666711
37.70827099364462
25.874054215602374
19.336074371287243
26.558399721744056
33.151475726490695
48.67670161074109
26.1769592847967
32.41206579442058
17.701889753914443
29.25610413272222
19.35146868053918
32.43995804852987
17.560873192780214
27.07902499781447
29.291328288847392
31.087053747467586
34.98690475080781
19.545629828908552
31.29654065239024
23.707925683525133
30.50274773525536
28.683481329887424
26.780627815639356
35.53722486145249
32.00116405276308
38.228813684225095
22.489317947227306
37.16848310529318
27.329371766208208
21.032374389280942
30.79919608659616
16.207285627250798
19.425505179730315
29.75275121387058
23.100707675752385
63.5834220893146
33.070119632448375
17.676761471532004
32.03989253659104
24.04567284237677
25.737087076479995
16.885296915916847
23.589331769893423
30.453589598106387
28.920401424900206
25.81230661308675
17.57995834824311
31.16425885069631
37.77499979509233
25.600592900612938
23.273503480228655
29.803846227613008
31.599822551758926
19.876232610553583
12.82736161158227
24.826862540898503
36.79273231739319
24.065045032039546
38.86321372444
40.40589762958376
25.62176438087887
22.262623163172588
29.312945779898474
21.04349964038226
32.2056652810774
56.04865462635577
21.926028633925686
30.06295040644311
35.90713490294421
20.7762771886425
24.92104067852383
27.359935252008608
27.658313385633182
34.92012443759455
14.969504058705766
21.727410118128155
30.37044845067183
19.655711538428232
21.724230879346266
50.14690003563692
36.44756051710752
18.14146000688207
28.395510751361137
32.01119001061461
35.46271449707283
25.94581884821263
35.30512763306514
26.665375727859633
31.78144015757477
27.98291372407739
25.311188903954545
26.496462079994416
15.329440467376344
26.78058595246251
27.99840051039165
27.705305184174712
22.236488214422685
14.678219108237203
43.61881234013119
43.30538509533305
26.76979788632702
37.61643015646953
32.58107079583386
36.42095954669262
26.951010959239312
35.207674939783146
22.28783614954566
33.686583196796505
34.55917831952634
22.32798841890625
14.481780399463315
35.94592783270685
23.855166009650326
33.10688789892405
23.003296637655897
28.08098430207471
28.977942121196747
32.275741822991826
23.925498467200633
45.278549401642785
31.49672953768309
26.604982152919554
23.311115343520484
39.984609777242724
41.40034437897384
25.045128656102374
13.216771391628049
26.206181601450204
37.944183773994354
22.413659979087335
22.488321658317616
36.13345506526712
25.12175276566195
28.994602056929274
26.49264743237756
50.32590225350758
30.688690831166067
25.753600069793187
36.66558253515874
34.59525576810949
30.101342710065808
25.92649030629136
27.40206397571764
27.988973148526952
38.76170254963704
33.6509262097311
30.934381329327977
24.230653031070783
37.04454235598745
26.088786419592893
27.41683374884543
30.89116278656824
18.4139561055756
19.989670554669523
31.752088947774133
33.551913472706964
28.797923383091025
25.795653973215522
23.63744814119154
42.26851449316428
31.498513731023877
25.283459009136596
42.467927875854855
14.995463939550186
35.52856916752574
39.19562145027558
19.246036909798438
27.620634677174095
45.645790620407865
19.405693952524754
15.066280717129237
31.298734340524426
27.37411928714957
38.027684992628664
26.201993775246848
17.677979514031932
24.19530423150182
30.13738838334185
32.733462989927176
13.412593460978847
28.97374713406032
26.479888931326414
41.50230548304744
28.853857010423454
43.0726480921612
22.781809584624927
35.94644306038969
23.796188157762614
36.67495014650065
18.339239255153498
22.897251452044127
36.11304651057723
32.06955868131786
31.10975699134693
22.15125388356016
22.364129285816045
34.57886921857914
23.89176836992577
31.205033232454408
17.102699019708126
26.35779061805039
18.840057527287694
33.43420893455509
43.63641451826233
19.836012900642153
33.25825275246035
31.421021366421733
29.55772112186203
63.476453470850736
21.143480313702465
23.87030420725371
31.61511740199796
14.305629173790779
36.109247121047254
20.420709903593735
28.78537077698191
37.77325692368888
21.732255257256888
44.92245935663112
32.09006629075988
30.13654009225342
10.785317771913183
45.25400090841774
32.379531814914
43.011262464056045
19.197193357655223
34.76764467587455
13.132568185722128
49.55918043675268
15.194334586237385
37.51521891854976
26.759421213344766
23.90684680013614
19.181477593957425
27.68288914762313
24.41553755570547
32.96742659811517
32.60202173803099
41.78306786639864
26.79950846714421
33.696468259317015
24.150626017518295
59.347136886386124
34.34925952914993
33.90016779429038
33.147339096673015
10.379175455437872
31.27852723484758
44.38852692927558
18.326749273250236
19.70571003422192
33.64713078164505
38.85971775325851
29.347384409100634
28.443565882610045
27.84371193764684
38.04460527035885
29.060970254282708
33.936835235686
28.463769493373334
34.76010318283362
27.604974752758128
24.11275103342644
27.53852973656249
42.89235088106302
35.42645794839197
22.915020466477365
39.012004020706954
37.78804476013083
22.97728627628329
21.045213841984562
42.58969239160115
16.9557244225992
26.58235846682649
18.197178373464325
29.763336188291554
28.30938175639392
28.446034486520233
36.12112443438717
40.02151951707986
19.75506381939181
22.329702363458424
29.438819947617997
29.379211437289744
30.012484479538678
23.95591785111758
24.229008954939772
32.98933699368022
46.95431896627216
28.13482978620927
21.843951889106222
35.73105737463537
32.328814102967534
26.20430314586583
16.049613998874857
19.11897402459783
26.870468202821304
20.697055097722433
46.00989350227319
35.95969000940662
30.112191392428656
26.075606308575626
37.5452411058426
24.870684997165824
31.97204712537235
20.931296544852664
28.160775391325895
35.7215467602193
39.96231984064788
15.002422431625916
19.9386343760203
31.032840674765637
25.88087475950389
33.65682439079803
23.65271819242048
28.89167625240406
33.00152653547174
33.80571644283965
36.159749926831964
26.96419039048839
28.894725095968035
23.88350236824767
29.3288283831202
29.980923456742374
44.97234601428106
34.19577934747199
32.260975274983565
22.967329022130794
42.10890270203684
32.68143225701225
19.680818800697025
30.573583967663755
32.86749643125362
20.62355531157618
34.910116754479056
30.906478448327505
36.98792977400725
31.646371743481353
56.37864370578579
41.401006053577014
21.54806787908807
21.679997710443402
30.254732726715865
30.739682737602365
29.11898671664637
35.5939495299161
18.415639409720626
32.741820919151834
29.698814479788677
29.126449201740208
18.83164615720458
23.219018836502645
21.292674654286067
33.76167708644561
25.276191072020517
16.0384264530716
34.95971061749558
24.542923707049567
26.227968857957972
36.851641065203175
27.29404857458626
17.54767905379061
26.999419648330004
34.76294829811355
43.73078084684045
28.413740111891773
16.042271501043132
24.276050222508765
32.985499097822476
22.45079685524977
20.980213694390333
24.583878869918088
29.287940440146375
20.266238465374474
28.428771707653194
23.6303817428184
31.656932773972617
20.07900956373396
35.59861842655951
33.60798327974602
35.74545880095248
27.266168052341747
37.32672640090065
38.97877209721274
31.103143760868278
37.53301848498195
25.533295772186886
26.11570745319601
32.74818450597507
20.30619527742225
19.880110597990367
30.911686393512007
24.501796037200585
11.462187347274648
29.697531488736175
18.653662862766026
39.187718815037016
32.83224768910233
31.001357407295494
36.92284092865929
28.17243365091254
28.929596037955253
35.05831891318925
36.77536236015018
27.60167679465688
43.735471946305616
20.059266881253023
38.65874234093988
54.682943708197335
19.252974389704182
26.57709805200463
30.474668965844195
22.729526390941803
29.484397061782364
23.737511866291875
16.02475979146053
27.176937362685276
26.30193545831222
40.519965177072834
42.75000669359015
33.870274161780095
15.731588419781177
39.63828067016378
36.66823483969082
27.82812396779148
30.17163534241146
32.221476425175815
31.790992476532125
36.50071272706657
28.06519096201739
24.364610344695986
28.867948197882622
26.60862428151678
33.88548961651979
21.036812469600257
38.61578645400286
33.77315485986132
22.345160305614566
28.321908108786534
22.633327580668094
33.365891242629
17.40764975325756
32.169048614702646
40.487131514766226
31.518056824021663
27.423374334887253
21.07176483796311
37.46029432554052
29.032888729579675
21.59540868331238
20.386359713007156
41.91053100729651
11.318070371718687
33.086593166757766
25.934302099202316
24.94163317559096
30.306531515133784
30.770506644774684
36.79556905268407
32.153133165598504
24.40219810547935
23.172402786755075
29.090751196075626
25.62344677239604
38.91351253666939
47.0216910828231
29.143265330300274
28.57110918597286
17.28124351919394
22.5129597527981
26.30679064837018
29.301267893594577
22.236841726156456
30.661480344785453
23.5678572190742
18.324142349437132
36.123534157189795
30.870688969853475
36.51874079110878
32.57578701718656
19.98250829118751
23.261613863522253
30.56926400632431
25.780851780201957
29.893996014872066
37.91557227368025
14.244366650682883
37.639751243798784
39.142986935186215
24.393596591904682
20.372750539664622
37.36907245225729
26.728527960123692
32.24567668771846
22.06093198902859
33.72936822093986
32.74237182739418
29.61725935192092
24.5620399343905
33.37567065161012
40.68172338368648
28.445870544352275
26.94983428242662
39.58855430506362
20.967654102207437
36.00609525303892
16.18404404588749
39.7911273668151
31.43336574415684
26.977979457092292
22.5775024008866
28.034700360663933
26.196015924617292
20.4474169839529
12.435690736358492
22.25613616435979
34.094293855784436
18.295131723284925
34.72324309799154
19.159025717896668
38.746917867967625
27.3902920559042
38.045555346996444
42.33166460369394
38.53791491144436
33.77609206463009
32.42325503545882
32.84320832579885
33.02614062809808
26.178555871657295
18.72965557819181
35.40725122198142
19.974721406336187
27.71854572627566
19.33552872169371
15.757681295346446
29.378426594459256
29.167355833053662
44.11151663380515
46.24937569526591
32.61115291928974
20.088150652119147
34.688921130270906
33.37186044651263
28.162677972333164
30.324598592755535
16.329232488910655
29.076297113478518
38.59583821146556
26.98106491384735
22.262252108562947
25.424455453994167
20.397269180131726
28.914577384487586
32.97676368390221
24.22311989956214
37.98448250626639
29.358863947916344
33.3330066255073
25.239332026797555
23.624662157767858
25.947323388015583
33.720454362785354
33.028797662234936
24.400695507514257
28.059659794764862
16.41018826946699
38.00396656079525
55.489863864922484
25.178108080905123
26.331650002907494
30.037909299519875
28.358241437192156
35.860806873771416
23.162018257353548
19.921661395106447
9.23413920201037
18.09235122650058
31.788561386670793
19.811994284535444
26.27539001239822
26.966254880865698
37.31782300934401
20.612186438425
21.048413491534482
41.423282272077344
26.6499548107439
23.080156403369813
26.2565215087484
25.671700941286552
18.54274910155273
22.652554495292335
23.23121280849203
20.082420669721802
25.85728748226233
25.71404626953352
28.498218013892842
17.763936900261893
31.37774839210561
33.75889201252584
30.824604855994462
8.32659450455068
33.1826980903021
24.62573757205217
32.849226914961015
33.619501513492374
37.051843053682795
24.773716481702536
34.06660581055138
18.248645284866246
16.859018155566584
12.403387139250368
15.63313887490666
34.02810614340373
20.922569484405148
33.668623300101316
31.41095491338354
20.68340456423947
34.79011909405173
29.598980075919744
33.23500989711054
23.85605106778305
34.78033308843637
33.152291556965736
32.55697468799858
33.1623874865166
29.351357864938755
33.218208267803945
31.83059148371465
15.891968840968048
24.93098988049102
33.30860362696193
27.888317598119862
29.018752974134113
20.336922878602874
26.004390352010137
28.226441394832385
33.99345299266331
35.33537886524931
28.29975959677165
35.58688648142252
27.09380955008337
36.28793469972779
35.42208229260386
30.41431699137435
40.26195797262734
19.74687554107993
23.729346902851685
24.555582804435232
27.191497346674254
34.034896100400694
30.333318229606093
26.77334338695549
31.35560771653004
28.047080914768724
25.75571418304943
29.273293188485216
28.415208438212673
35.72800275756507
37.69326828879934
24.178191802405564
29.63711966711398
34.00693036839391
33.60152819345434
24.16746517710463
36.65971890186524
11.746721036283246
19.254820361175298
30.053836662048038
28.86083213057891
18.594792006541184
31.43424314955222
21.15930832675844
33.8965863488785
8.770509005484463
22.560918425792202
33.523889800482
22.873230071449846
23.24458778716608
48.51946895358133
34.662096654289854
27.27512244970618
32.01674574107069
33.80851017843324
32.99267435732008
24.09473167388184
23.962296125834108
25.6312613421629
30.468234606711246
32.08875719798474
23.216780490843778
34.242270376137476
30.99579712005977
33.26462531210986
22.202416339584666
20.827636748206256
37.462404616493366
23.371686787777346
31.58162447286463
48.27928899672173
28.708475218975753
26.33130567648546
44.46229841395001
32.654489563283605
27.82790766224313
32.421565288670585
33.96996194326056
37.82374913474774
40.890005777046305
24.805856783685254
35.83969825585659
29.714733760611605
16.464271551513054
25.769781322529035
32.719927656850636
23.499741613788977
35.59966067117952
21.810405286425887
37.36405496941308
33.68850925987956
38.824156921172005
16.72773379072449
31.37524150500965
30.373498408549672
36.042653559589986
19.831568251990436
30.370172928552787
30.59057623661863
44.831906178829605
23.371793036382464
15.81546082043408
26.988440281234887
13.587181782241728
33.50074703502051
9.009923568662336
21.770241787229562
39.57073741301713
51.65069867499355
32.31343938884569
33.56257375816723
36.872799790861194
27.368985783546158
33.254400672235114
23.680518534664444
35.851563502683646
27.829618544730316
33.57019862423786
29.960430165943105
42.07123066710505
26.78627774953383
21.17498870000955
38.19570403829714
24.15988902754834
35.85327634446957
15.300197134786131
20.264762145416828
28.728689442692694
19.38713295580958
34.66245138734456
30.854305825961042
38.43692709870337
34.436728189947246
23.060863736632093
32.03952406038517
30.661379957076154
40.63209658052634
25.87371395718222
39.171549451611256
35.74651697062184
25.94890205206356
24.21360716687515
42.420604733290006
23.216934458127806
33.52937579316793
19.9225163896208
9.445437459556636
38.24335270970853
63.7716271631638
29.193338756178257
29.12989697888577
13.650410580079171
28.1239225302139
29.393473385337572
38.39598109051318
41.55782618376966
37.23048263725464
32.079452072593135
35.70215654389798
43.55840975407638
18.18666358995294
19.425302535291305
32.57585281139937
21.38346723222107
18.78401946587861
22.945110094218823
24.540652861248688
31.475948907309935
11.74637490110128
30.27995721496714
30.277394193731077
34.185753987540906
23.94600371940923
25.972084079618515
28.28328318021708
33.35639494919674
26.720412339290775
31.16697165174786
37.51094876309434
27.13411609022603
11.832217725225306
27.947034449242473
30.523541152005595
34.71913752430217
16.284951893743248
30.724622515664407
21.714614160131912
29.884452356991478
26.433398392696684
27.762741009811105
44.580490869694096
36.03787267438535
16.345233099850244
26.857494211077157
30.697328045818008
15.471935317750106
30.163184542860545
17.858770683276454
25.98238054714855
23.039741196494393
28.754569312321145
21.877260709865418
6.81018957597648
32.9006984428107
36.40338234438295
24.719354299511508
27.502999835393535
39.15394247330245
27.67271807876533
30.323149036941345
26.556951627880906
20.997719039975497
19.094429279045205
32.37647466644703
25.67342866026481
48.65919029928945
44.36144377710623
21.355459413204073
31.728782594501475
43.708336316787204
24.36301140268344
34.60897821080228
19.71858022473495
16.093049161605943
23.362058661693478
30.697990838777365
57.7763097806353
47.45640170731808
34.660228757752044
24.19319893505824
59.158761980527615
31.491845132656614
21.19208762747375
37.58675718251989
29.586349736402692
32.833363420177996
30.694786759958916
28.242620456302774
26.828327983147794
40.179444750199366
18.969278220098168
22.637547358001196
17.788914998442287
24.942620559861915
35.82841874767447
17.837487174757428
36.3276745531044
19.67781461085228
26.987212642315768
28.42194310425365
32.32840907519869
37.101653500830494
33.73601864638132
30.354380514073213
34.80007749517891
37.37998356538708
31.22739595806156
22.56014962839837
26.789377788370267
27.753969316590023
28.958299946726772
21.54342809102181
42.96901266429781
24.159880064107856
32.569336806493865
31.012691160269487
34.212322394597486
34.88400518694042
23.577125708815167
41.275375046136475
30.500865133885398
33.10682580420068
30.748915268627094
31.587035654125913
21.025567159696983
27.19413257472239
35.15200541012542
25.041934180250813
37.86676952094809
35.34698244298566
13.709336582450707
28.836122088397858
31.982080711907734
22.70493153787026
33.90345725141036
23.135552645323514
25.172575218619432
55.09868495292392
24.2111745477404
27.064141190256134
22.209569088504026
39.56678945677061
33.967891288124974
31.151558704785604
25.84982179947357
37.74540708677269
38.82872734220354
22.61992624821542
30.85759081844991
40.14501642783102
22.39432083714002
37.378808912197336
36.626375079883836
26.475194059327855
24.5765983919838
24.67867782013313
33.67555291124122
31.588078399279876
22.232421102597385
32.364489378953834
25.885543221733144
17.66112825650249
19.108156788328905
35.61613557511461
38.61624997000434
21.677887993903
35.73722278255759
12.324250397950934
24.68870816095619
28.08587904864835
30.719526419890858
27.567627056087545
31.539110668462314
22.645689401234932
28.418187804593632
34.27672050026504
36.71890917665877
43.42152667744835
50.610474863357226
29.17681172618891
34.51293670631741
37.146308077971554
27.301657303009378
42.41665943878718
22.262442702397912
36.792372769980595
53.98852830060859
26.35483503674243
34.66682227489129
33.902347526408654
28.4792694319215
31.620481739651595
32.6577262123905
21.600979474062353
34.02534666170212
22.86811116202497
36.90922534717161
28.7917255206267
28.088569644822307
26.207493736907793
29.087010335724088
29.957463291668812
17.530945875152586
46.4955419440681
38.72269033765577
36.049532499191834
39.025023863461236
27.38570495841906
20.40848177790921
33.933170971339045
27.179767240772378
31.92072814901151
24.547364082640954
25.415834476815597
31.167456067458474
24.21645103458973
32.358462206507895
42.899308689451914
19.392651729192927
29.01119018925276
32.10680467562221
27.71104451283073
20.072556111059047
32.38653136170774
30.18994326390618
26.250243843383764
24.82801585063632
25.891909958305547
39.15444706329512
33.64899360841346
22.871048876266972
24.894725754582442
32.51708500724868
16.06509928992472
42.09991417952927
25.013508598210418
25.887542875437134
23.525603093998185
23.802823981260577
36.34618604771444
14.454135877546673
34.394088696816524
25.336441859646225
52.45697237616326
31.76841113022205
29.815591010372454
41.424437134196346
27.205082116296158
26.521144028438627
36.38104605848725
26.864854469391467
11.693408511797728
31.63962574602007
19.746295975668982
21.301172953877646
27.619565043435305
34.772674590237024
24.176734216266528
23.90052391859634
31.386437842411667
26.865871954175937
21.69405351301981
14.87323875712774
29.03846260472552
29.26170853346124
35.417918679148464
40.702485009126654
25.741507850555813
33.30797350141069
39.55555852554389
17.432326289516535
24.862389304100837
27.084697099395378
31.975667998088632
40.99459927090101
25.54399794697359
24.126630285384078
44.29015521992976
19.592901987713887
23.740702988016796
19.065425513863826
34.535563429282526
27.11462822837355
24.23957064487314
24.801786574273848
40.51864224425028
33.76469948651711
27.916382391513043
33.778685616762914
31.323729548742975
17.68557438278217
23.976498683109003
34.294877958153734
21.101730898292782
15.786793447660841
33.764471288916965
35.100018421568706
37.65038583106721
39.08126186835117
9.105772728619396
28.453203385777645
40.50021507149164
36.081953206879085
29.10996429284301
42.01398604386504
19.486268818242667
43.82138401352456
27.661501883808736
28.134365688319058
30.958289503806075
25.632312490474924
20.871456256523103
30.856446136640606
21.328617322652143
36.92086992484635
31.74071738479157
24.648541582414264
34.88472245989807
22.957525228105396
28.863365499820514
21.48358919563169
14.978168426566707
21.520872025846426
25.376809683891274
27.025869015929736
30.91933576062437
36.43878356619864
25.14247132324782
25.17037391566428
16.991767172744783
34.455837014341604
34.99977899372003
28.62489901412362
29.34587602383852
31.096017067975026
28.12982788667501
25.34265715471609
36.299875849635036
24.51346828315048
19.75904743443453
37.66077334161845
41.65021749509179
19.611715728188777
30.31396295645336
24.345660328333757
20.92319572694406
19.80568461771928
21.545401329938464
25.915543106975644
21.447511317297504
31.69907304843433
19.503644857899708
36.090289930838814
27.609171928071262
37.19413444593537
25.492665023814553
35.75776348416005
25.260740275695824
22.92638641081551
38.39760273350534
29.62611117263402
25.079907629174755
29.489320719605317
29.55744740229408
23.307780841103202
48.840260968487556
28.568283537016942
25.01868981739245
23.211982676560318
33.418061421426664
18.07261576557999
25.314070994909137
25.052455655529954
29.36898988196225
32.66604002299245
19.677293333914896
27.17607455806276
23.316767895403267
25.426141049184302
54.19876754878569
20.730632440961173
28.259828641983084
17.381923947274192
40.434091920892456
41.27423859292043
40.04004549626422
33.637594990346486
24.00939623239124
29.243778056039822
30.170609652839858
22.332254960307075
27.37939028387479
37.23583883471177
23.42080399906312
33.08187337350914
21.451206018684882
37.36154735856843
27.846205081759162
25.896464049318176
44.17218374917694
46.998235706013276
24.919983660959083
23.773590711530026
32.16074807272849
35.33776779592609
43.951896836194386
19.821919278909135
26.98135861013502
34.081965824402786
28.459465893673105
24.174332851184424
21.850626152622613
27.541340886919187
11.265960116847967
36.868725224670456
22.7049047411418
29.007436200505204
21.8399168492978
23.277483573697463
41.083013084010446
27.823391605126268
32.747566498612585
9.886863659681946
36.923344736928485
28.450955766686782
45.37666200317992
38.35371459912248
27.516027772921795
25.0269779569243
36.332294576341
27.233521116651186
24.237281870951012
35.8831918183563
22.350643823120116
38.65465844503465
16.120285852668495
19.724840020829795
30.06816207517066
23.061085551293562
22.757354736109924
29.383633969924613
29.042010731893487
13.511389070770388
38.45010463488872
23.46431372386935
30.42981497494
29.190506033325917
30.287660999944627
36.390905347111605
32.677582089682254
24.409416377659564
23.552567289034382
26.680724580846274
20.207757960434826
30.479282432673315
17.782216922913097
28.65997108139091
23.079717371215857
22.614536090562755
25.403065759887212
39.91776788207669
33.02941927546233
29.753501033067757
32.21211138983604
31.34951033948632
43.11309672968706
28.878754061469166
17.512773764155252
33.1576827396167
33.559875386621385
21.656014228693955
23.737664369787915
36.125467868374045
17.44519659294572
31.232472101815347
27.307934449621413
24.76212543068549
36.063879640422776
23.83760952398362
33.00442411263863
30.225513148445668
38.05402490039841
20.70431281112696
47.11872269230958
40.66823240095711
43.66227769319681
33.53914439175375
32.732922096753384
35.453074762365965
39.83892532309095
26.6876693021974
27.47356779974711
27.518964785805785
23.79760216095302
30.625490894382374
17.557570700314276
13.892414750203493
30.639644123147697
14.956505405913976
31.53875908386715
38.023500280110646
35.73845903726789
24.30841224826245
29.174365592281543
27.084190226047372
38.43567865986211
39.83776363025615
22.749733013317147
29.99409499005385
24.428739021242055
23.85285225076592
16.80797133891155
29.161766843373126
18.082452068902327
39.958878910141905
23.3349904531854
28.460815969931343
31.954302890689434
27.470477391467337
37.136494143539046
22.520137675374276
28.571121303971413
25.37799176113904
31.738708879147815
29.886132901066304
31.434178637041533
38.381917648553234
12.658532642120733
37.436889478467016
44.35407210363777
31.135578792473883
24.249568330733883
23.08322688375624
23.41578214183237
24.291002266408256
5.501727971364108
28.493230603274874
26.929435335952533
65.43053540492349
42.5033902752553
39.05432063243536
30.12311857606266
24.424699814850847
24.97386617732881
30.01648145748899
36.25730505285163
27.129168694369014
19.013322342987323
28.828770346247573
32.54676561639846
14.581706726309303
25.144121848369657
30.33558132435472
21.643254359342382
31.947017232079887
26.111546364871174
29.097606304823927
34.70750508507314
10.887762900351337
34.97722338575833
27.14454847055898
34.854771911638316
21.920979879688666
42.451476805625944
30.933539195131207
35.46945015472981
30.023468451114418
28.489192284751205
30.66096695790187
44.63617499100224
19.81606270711217
24.87287474746879
31.890977083825835
30.723256162798926
31.013477235077062
16.0105650871353
46.30897512281055
37.293450360759024
25.574901745586608
35.78124377644428
37.53810774328843
40.367516590122456
21.329525226484737
34.78888170465365
25.235258861230342
26.624264330405087
43.75002576933258
23.571409969928897
29.36518972637842
29.44362671088442
10.886994360464211
17.16086917520509
40.05853749649628
22.65791679923875
34.997838160019285
21.551626182561034
24.801834904478326
28.529485963985003
55.88947682420023
20.155439398499983
27.083231918123015
36.85619225735604
9.797385209981051
27.44888198278915
32.578739263786844
39.07013580809835
35.05956442571251
24.845797477735815
30.163184646541794
28.102708227588668
24.067761973715708
26.245015232946905
27.80054659477813
22.31701955334112
30.701489430598205
25.39271266637471
27.940952126903195
35.559910689185855
30.782975261691185
37.58573930048256
23.52287219667604
32.527334917305936
28.761211320348153
29.02325052432927
23.539235541966555
44.9259979882309
33.38648919495202
24.92681875807229
39.42780540839765
24.781382831921334
30.369843982604245
26.23815000668895
31.32391550632545
36.515713323296836
34.545827691062264
21.56917621757215
26.019605905851208
30.823734291046318
21.37411373291377
35.11177628997692
49.364405365807954
19.466567845857135
26.72787200769828
31.23456936233835
26.648252846729722
34.13130827933613
29.054979227909115
32.93866107906667
24.6512541693713
37.219925974791884
20.564787878981438
31.40493411272081
33.54474929982232
17.729782063710047
30.430420114685845
23.791166336374367
23.47285814379138
33.39113499154186
27.925896729742114
41.66909126638241
43.45548673119271
29.429993283384064
27.571347166961466
37.477759626690265
30.54555898689181
44.68661532522712
32.84913354247744
5.069006310259752
31.369407350698072
36.22318905307415
28.64902985725266
21.747941159996373
36.03646538284876
17.51559289123011
41.525845446095275
28.933421962456162
22.74264679446015
22.019851714805483
35.08170737657513
29.570707493818446
36.59009037065508
31.73242662326983
17.03131425681696
31.783336679170112
35.42399883172012
31.55990263887285
36.34263834978071
29.240406895007464
16.653020113638675
32.52407648456627
28.54621540600075
29.673379286762586
26.84785986192765
29.642289164565682
32.34518314077374
34.927495215333465
25.62504290174989
30.544784861588454
16.987601893273652
28.685581041547085
30.52487993994039
32.115203169793844
19.04489406082553
36.640788457801506
34.94893642050597
34.9376280470094
36.758161987688126
26.288826404655005
28.23935579725019
32.645575376113406
14.566896160082557
18.70628742829777
36.19642929073252
30.704693354065785
36.731918299192195
26.01949760909536
20.810554388809148
41.206626636925385
28.344488803430842
35.62529343725232
34.83282474624625
32.71109815534309
8.868881107884233
38.55032659419527
41.189513376533625
37.56271892981014
33.36337203052695
15.699634573621235
37.69394742452437
32.91947410507938
19.029352462990772
16.8931102521348
25.255158471015008
27.08641249628432
34.58010556395117
22.105986541706727
21.99479806570537
33.145316659222644
29.876079416516326
31.494142282092955
32.72352289615157
32.621771102352966
31.129382049259235
25.488889074962486
24.804663283517193
33.9532741313801
39.97158492411747
23.909237236463316
34.99594139468802
25.9077109339453
20.58768207862221
27.27148451155314
30.31227227943041
22.984322379423418
36.192057745909125
26.459443142093736
27.44860778567912
27.69853495402176
34.928063017792724
36.3243454959331
22.18095221192659
30.783711500180566
24.20303965178498
36.3688082657321
32.540855325656935
37.34384381866983
27.332661173795522
25.613290313287717
21.365725531292618
31.981791756229757
20.370888492091808
26.2008959307347
32.40978484018801
25.464491788284928
44.24800447870648
31.11377394326123
54.65593403781213
29.71307854627789
35.77646835717142
24.73537406208328
41.911654391209005
42.00885508901208
26.483239881834958
33.68803387778912
32.40889339178822
30.570001317349064
33.21330199305586
34.61242733510404
34.44000000960593
23.275059974735036
21.911890727722614
18.409963406283357
26.69411055442764
21.983842388537497
30.77619858195606
25.99390674553604
24.013012335767336
30.320978843290852
24.638479998467652
45.99999362408559
28.966392933504736
42.63736451901883
34.71054736060202
34.5838401459994
27.663977079990943
35.828260926480596
36.08199251727746
8.613615978633973
34.70745832951595
32.26117014318423
32.06343656117566
19.772834842630125
34.33316054953283
31.870144238061563
39.08995247654334
7.242073477211216
22.376155224350313
34.00536582067345
34.60786270433453
34.50075154382175
28.10059482241006
38.83331332717221
12.555321763189465
28.326534326289966
32.386482179958136
29.41351839883483
36.55310448244937
26.322548963258715
31.571399183869428
40.22111874341956
28.081953681549447
18.959492927255635
33.606631921631276
28.341681903651605
17.956685927509398
31.496730467891034
19.765441094481194
29.064450985571643
60.97102442981249
43.4676344291381
24.69042585841511
40.29491353976909
23.030581425002076
32.302143435671546
37.96273534625604
36.79238133091703
36.616734316580654
15.391912778251811
30.500647538623923
28.89240502185388
13.553162184010617
21.91283527707475
21.531178698186494
24.6740534129156
41.187251863116536
27.613637710494817
24.813566862910296
49.74099001987178
32.887546912998964
17.0131319168152
39.573280334497184
30.451189821813756
12.144457556062104
31.959055135398046
33.65080172194633
38.729009933442946
35.38318486222761
27.391487828841758
22.158927861517896
34.52592208745456
20.829017693080793
20.080910087486238
24.68021697751133
24.977443447276386
35.10256313642487
20.852591791578014
24.396208727424916
44.260711535251254
25.663788515601723
19.002708440082674
42.15072050858555
27.050699241546145
21.478801172147314
27.405475548518567
32.425658043449886
34.753312375427015
32.99973606803063
17.289876758543652
35.889808255908065
31.085434985288746
28.906179741608366
25.603353569541255
33.80226203771255
24.472988147057094
36.14672670979332
26.309954267260828
22.943610110430658
34.142772619250266
26.42324683181171
27.85318828938064
28.381226545698123
32.33320228032051
24.200958022874048
30.42857195606143
30.83260586753806
26.040905657077364
50.70946608985551
19.43969105219124
29.55648950338768
29.477091418758622
36.46647469581542
30.01601297531597
38.69820346936883
13.174346779759325
36.890677692367774
30.256232368304698
23.762258497748824
32.60527465965176
27.918315059429183
15.015225898150735
39.1431268290002
29.350740456067758
21.94030811442947
32.54611592100487
26.437927435069252
43.11638872799473
53.83662691782271
28.065000090914282
26.661491771043767
24.55331955482594
22.292934649058388
22.842441008104068
31.451914600184296
23.635851996452274
30.990326823688065
35.274668093331385
30.913734455299466
28.030873791221737
26.186863291928127
32.50543100827577
26.621621650712303
42.477271064687095
15.288789572529272
33.431489840155784
39.610047089597685
30.414201739079537
27.337227583621914
32.27601074141
30.59477588176727
55.39916204588485
22.840658679867584
29.912135212720305
32.232357865134084
26.819407866966184
20.21037383322414
33.382537070581655
32.452231472278335
28.944954730263802
31.94977447869951
37.75398348512484
33.701166217081855
30.080865887518943
24.173225998821767
11.984223242760173
35.735859772495914
33.017916242073134
31.707081519515942
24.51046624526269
18.97518268119447
39.81172087762629
27.412092101923385
16.248497777529092
29.171886228277472
16.656238150273886
37.711152435735436
15.2199408185115
22.22884521699545
27.849777712110047
33.44314571671026
26.873988315150882
28.489020573332006
28.353842117472738
36.14600891336278
40.110180816448214
29.325044192165
36.797590500380124
41.1964498259233
29.70803930167268
30.800224924110346
35.80201160037114
20.696840592232725
15.055694074746622
33.30003387461265
23.21226870464781
20.871885988513256
33.366402463602356
34.76116037016633
26.887757351135505
22.230807434359953
24.175418574334444
38.45149410493553
39.2817077118428
21.677143137275156
36.832788108795945
22.1670622796046
32.57260474320714
32.10312030995756
25.413680968004112
39.65582529496553
37.00668116021114
19.105604388287148
13.205430900787032
27.105947239505785
8.642379021837979
27.3644871099277
25.403428828735464
27.330141426028533
29.977826647538745
24.182074769502687
35.94752497265637
30.72206773084336
29.280711414862854
26.199880562357517
31.982758786163327
32.821623437253685
19.29237761254563
28.618619917939462
8.589102715217248
33.357071431336806
30.899213309459096
23.046162876055106
24.559261422319793
27.474210985837203
22.8470369500578
35.627967482148286
34.068219363743104
23.70272319741247
8.023893829283441
27.598137791362312
22.748529403458292
34.7127618661979
30.061066453283182
43.2929848241422
29.425329931907992
35.64513895896085
27.545298658862414
42.106396041523475
33.42376319773511
35.289678124306526
44.00906973621093
21.307148686124084
33.24805114772537
45.780796698885176
25.829383628171982
36.45471202281352
13.26785901640952
21.38727737191147
40.73821539599794
19.507770014738853
65.65100178384856
27.834604944554616
36.81098902033987
21.760187772397085
31.252891171108214
32.86061381033106
48.12455053889954
31.162908864932525
29.61741562166138
25.469784065474535
37.97715320352955
21.52603718465365
14.01965802385347
24.638546425316868
23.889065660376406
35.62194824640859
19.632636659107526
22.883769719343498
39.73366580853308
29.135854875590752
37.271877189563284
28.184858298849246
31.52600365241038
34.785088741331734
27.81051595773502
29.006511636587348
26.61174318388006
40.987310918851946
35.28053429715901
21.00389319261835
46.73749938135063
29.40829398351911
20.833447284454753
25.502553309778328
24.629310992554274
28.570665671099384
11.31019718669674
23.641523530615757
39.014505256501344
22.214537220279812
25.585440660944364
23.018099636442074
19.40991830205635
21.25468983180538
33.949325531029515
38.07354133584737
30.335698458762494
44.79254637017681
23.4806862915975
25.58388923301804
31.318711950662536
28.77205580984738
31.87503487149771
36.43956060859268
17.235509746868185
24.605259205831732
24.824276383965763
17.818186447630236
35.061727529485566
25.976925970547494
28.566111459600204
19.036130730549495
33.05880151540968
8.776827770283855
34.74045143099682
22.914100513222134
39.66709379174703
34.15642394339483
26.394069094812792
25.79295324336732
23.479478031769098
13.90253180755759
15.478488476993
31.93948126915082
9.860894757706909
32.02655540733135
37.04974659971454
21.568003996337936
39.845425803621985
30.26223715085824
42.275672391133796
33.73073244517674
31.68012121050741
23.531787914975915
31.824134485516215
28.0366521184223
25.112372472122452
24.23605501291521
28.886809180466887
35.45433739489916
34.11483305609619
23.06851972107839
25.365263120834015
39.10675093117969
23.315760081857192
17.03641940708869
29.26144877002246
30.833126304113335
34.23925780858133
24.973877548684417
29.370938520052302
42.703305864374705
30.697233879473206
13.780388240388682
36.99164330149134
31.829361864972
10.34041230674185
35.68765716728891
24.50745459106191
30.753167859791624
29.591261583011676
24.29770373155086
14.267141319799322
34.06529804001313
27.680011834178963
26.873749403733903
24.03982264704823
51.385125682211765
31.726378842345568
22.03881485426891
18.73746572848346
39.79400555349587
30.801379086657587
13.248204694773278
27.844213216857717
23.40267186210133
40.645735624053245
39.808144488055916
29.106124161775007
21.041474425851014
39.81833900006072
28.949936006193514
23.681397997779634
22.945150433074446
29.981345363900868
38.388888483332856
44.51335109348178
24.519786941062293
40.69868419581254
24.251078158164837
30.288504190151542
37.14833259392301
27.16856179000385
25.350326047155733
44.41729682334341
30.240258127625516
26.282360297005813
41.284320502703416
35.20475808317885
31.28466077180969
39.50277895765867
24.089792208957025
22.444802568262773
32.82220210524678
21.860374591086604
44.019884765968094
31.13695098720362
27.33589498430411
37.84915561671392
28.064205950712882
36.443311833202124
42.76147713630186
23.02986058962209
19.92225023365157
21.171515737059416
33.398009999263756
38.66061824636008
36.91843767006364
33.512038385405425
19.541668827428136
16.042837848724048
29.310793584097897
24.89206697784406
17.83277418267315
26.820036432298238
39.33683965530579
29.661870163749352
35.65216426546654
38.44788547794897
24.156859734067694
23.078196795415828
31.11952892930326
34.9130491677155
28.103929991514256
33.27199664389403
22.643911440179124
39.359022942728195
29.93164309042353
25.276476077280407
38.89048294234525
34.723127473978835
24.60149371082363
20.862086495303952
26.198713414796785
21.08199461704394
35.13975787034131
29.60367883923633
23.035469375531722
34.9111558359228
24.818224834319963
33.0486879707679
37.65087873723166
32.90049880955169
36.37265083133257
26.647869179974663
34.99890359941544
55.017791962341704
21.523481788328425
8.433600533560318
22.39972475700418
37.215070260710064
38.21316551552899
26.1288709655695
29.73479558337877
15.548456054965037
28.974998439660883
24.521255487726
32.49991134696393
26.339366770641316
40.68664899496224
45.22640102355127
15.749217029630412
24.62342714718622
31.569829993345124
30.536364336940316
34.87440356738782
30.43991214671702
32.13806410183529
28.712961031425507
31.08756482229556
30.047895863771487
13.596064724403083
15.128394225890968
26.74105761087864
26.07792876247578
34.31889321963976
24.524671252675766
24.404753403606392
20.899754058408075
28.048507780200968
32.894305150381754
31.79437001003475
21.496978450557375
20.271288086311475
43.08071937786954
15.963719953921796
41.16046665345542
24.578290435158298
29.23983459290586
39.493991947123085
21.1979016007093
32.98322802362919
30.960562590502295
35.77694620918765
16.540062433878536
29.99856446880536
27.542364208955185
19.242610360403905
35.79644199275791
8.246591285768213
29.19201159675501
28.053865082965025
35.623101414386234
20.320943737136012
30.45711524076554
34.342934760879274
34.62993320496662
11.745987183330342
24.52433901687588
33.815781277204614
40.55044111051028
22.113556984967072
17.465121253020566
29.664207368696122
37.974008662827956
28.387862882847802
24.952969522321375
27.147244620276915
32.5662719963705
22.05227946928343
32.797925020590924
28.230559124959697
29.275636985376895
13.697800769766111
29.9165674727316
33.50168622857807
44.328638799208434
37.53702954652638
20.07141372620554
24.634370760040913
29.86966823204169
30.65996693111043
30.7800258640304
39.91869998055505
34.95315440744048
15.211002478525664
31.1273430696778
22.80262186852066
35.43275628116132
29.33170223850783
34.45418958419164
29.13872409023821
32.729734630332786
26.084227007994375
6.501577910313616
30.206660773890523
39.08773998104288
24.042349609646404
28.826081909082276
32.31044917586646
31.322272662827885
19.892496642837568
29.532736133084384
23.21330840664093
20.295346182617465
21.250396582303857
28.77769017986655
17.28626738388965
33.959390247142494
34.57107850763351
37.16812543189559
43.08907139108879
28.910567617685214
31.74833595900519
34.32890965116226
17.34257833458982
27.821427318312896
38.33728214232802
17.4779422531298
34.27551292282731
28.297945908720944
26.548568172164234
12.829238692249632
18.01047834044021
30.213632037435566
21.947999901651873
21.765969711196934
29.943305456900326
53.20865149768282
36.8503788810665
35.41867954045996
39.64186183825428
27.990041419543402
18.995936452589877
8.86919441521507
33.1561651229378
25.168288765861092
32.28975149655203
20.379566652803124
35.51472001158921
43.29162431558685
20.361211113632244
22.53228839946639
31.0021117992795
34.95889318260881
40.6839321345662
30.851127431761334
27.746497765716324
52.07017975523953
25.863068059069086
34.51183009582402
37.64815121754053
34.18183473846892
23.525779613207835
30.999285643403695
26.06374658781432
37.067894417733
26.121760549345193
21.272916729624505
20.913115445982633
35.28633849152224
22.909478696721276
19.060805447363645
28.059152233090487
10.879583599654026
25.77645391267412
19.34529528683053
64.22984275870955
31.628368753538844
30.720026123589722
9.598264564446357
35.432685065153294
36.09896296971025
28.347276169767333
28.984032037966067
25.16314807725597
31.97727527176641
38.77304227333336
22.951731377101034
34.66212502114502
37.821788656512744
18.103761838267445
15.942698083014857
29.599078773020654
32.306196930160795
27.506343603732375
28.143042472204293
18.301657849843778
31.6516698707142
20.66154868879247
23.472496383860783
17.162786484261108
20.85880849896029
21.378669353380978
35.87989056149635
26.50655539687826
22.397840090385305
32.7132766819837
60.6263527633769
28.395646583492486
56.32550531990189
24.80263363517632
22.587812088316305
38.313562480384114
26.08135527789875
36.82507417373068
26.437721821489898
25.124468162551644
30.658511790526862
25.633502104885103
20.177677220928445
49.02096349268393
32.712238945373734
21.30761455310222
29.332093416047783
31.08909500020323
36.52673988940749
23.991891912612168
23.739803275601787
27.18344983686587
34.61014470702138
20.763261505434983
24.132796329834218
37.47113520384087
23.698261681551326
38.57409891033378
27.93159425381907
35.92211318006389
21.8051006648021
21.85214005004849
36.25669646322319
37.60949396151343
36.96155050836874
23.712706170420745
27.19592813810561
27.34882128991391
32.76678831544642
31.42762425940645
24.949090502908525
32.70127245083018
27.675746768167507
17.62408607366173
28.73990073550676
14.48178544928134
23.7209812319491
31.055986501557523
27.21296648414818
29.753897694447197
27.081735249726083
21.726291097492453
32.60184520735495
31.583942904813952
34.47856281227316
30.118225741508272
32.42130860809246
41.34211665600812
34.83021327382
35.04863814838047
34.42347572514422
33.456866260994246
28.37120560876983
24.273488349117386
23.276722949765023
26.930119229608877
21.401519853363883
32.52478460586469
25.49842922793648
35.960017271838595
29.159982949970175
29.600255091427247
36.060992232220535
48.3104154043979
21.69252518799294
22.037312374912194
40.62738199813171
26.98455168165472
32.75663943318153
29.929512453316697
26.68617636785725
32.21587355497413
19.13245076092967
30.954657654976366
25.688444317192165
21.744278519267347
40.802406190295116
29.892313443402617
28.516838041517193
17.901832266122113
32.00371308342203
28.667969546014408
33.29410525318761
48.651575964458345
30.34327877222114
15.818354173010778
36.493580845190394
27.113645525194904
50.33682020929638
34.08552559869533
37.88243776534754
42.13258766836319
24.510932191671543
29.58164848010508
22.447868967916563
23.37835599524713
23.56145134211229
23.694824527456532
40.49740109402162
33.1026376848224
42.082230879690634
28.26695067617431
37.20255677369011
32.70530155481997
24.66661336851683
15.69234914307322
30.026694713223762
27.566980105107962
28.255896970919018
30.13582461543303
34.70657580154525
24.914126464010756
28.017790366542982
16.675427552418814
18.79567647948236
33.63036961553514
18.702727044738985
37.11031587755465
27.615994155449005
22.141032142831016
42.11304199374492
21.889409164409845
27.121007336240403
35.67835238966398
27.206199980371014
18.999116113721104
21.49759935733082
18.540358595284808
35.63247521292917
31.371571033239597
40.181797796432626
19.66890687129102
41.53378549533584
20.047650262988363
19.62628708518516
17.09967197710255
19.97269662493786
25.22373256936348
15.699786080675178
28.361959943747216
44.09810860569109
28.612815285446462
29.602852826958145
30.918570370616013
31.667332312765616
27.19436719904373
31.758877304151646
27.191609204650085
26.986787113986836
37.60757516714984
24.56879681588819
27.571731671977105
29.29182465011487
33.41921496812557
23.06713402247943
36.97015936112875
17.4129238161622
27.088811460211794
23.739304249943686
23.994847045565322
40.17123939201507
24.88043086196256
33.70417083208365
30.891837882926623
42.79806056106039
21.936000708743556
34.67578829152137
29.679310269871277
33.232174924942235
48.156340304525635
21.7326607734157
23.674576726777254
46.90624754252656
28.99480515495871
21.15573471704224
30.465958774374066
33.320569352388645
27.272581716147293
24.598649407319297
31.5199176170027
28.726325451113016
13.729257412563427
38.81588583789645
28.79486222064456
19.57987214691676
28.125283932844013
39.04467087091708
28.25531045155627
52.66905449190151
19.34276908277197
26.450754645329408
44.344367448039
30.582283576524606
24.03854619823852
19.09523019249856
30.887087153408913
6.01925660829102
35.50386936231551
16.942090950782525
25.60598460868482
35.41685706853445
34.281643453538926
32.59506031261314
23.821401297410873
26.723824419877417
29.26531712353651
42.186304352718686
30.285385672171298
36.68618634848658
37.44391806053861
31.529140227577116
47.04710696285605
25.55088574747581
25.16818638536774
29.201086422321126
33.387568831956635
13.30856815947812
18.27005875337714
21.715051123349454
39.857660459117874
38.00742303105542
26.15179851761502
37.72161573933003
47.853551341444806
36.70543942094293
23.878755976895757
29.33774830690187
25.933748628149495
36.18563675516372
20.6275856682496
22.68701007232827
36.62138893494782
34.18081909195026
19.937929791310605
31.97585745967689
30.23080313840634
29.396845367789403
27.924409296249863
30.46576774770496
31.06853155049166
43.09850726789619
34.25651123190302
7.217834557043396
16.241834180133637
34.5661961950337
13.844157255345813
12.893717889539385
31.288620915267863
41.24250567164207
42.2545582128188
25.60519998384406
7.7921227890124705
34.56063919777738
24.419355363475987
26.332439098739314
33.342958475267736
21.539645588012355
31.184132084299033
27.616510384057133
27.112909155131074
19.81660154824138
67.69821396114912
28.57524317707606
25.114102511391362
35.46523058567804
21.658330012604758
17.40527815897816
38.02386199705917
37.050676522209926
18.249164967667813
26.839726091268265
26.198567364799445
22.436190420438006
33.389826252990645
16.643708935922604
26.778181212866016
21.760207171192118
28.675034268269574
20.153157270273446
13.474236385215821
26.507843208376464
20.995635254775355
33.45779023329472
28.99238626548221
34.62493923310233
26.382236267168157
27.76305397958805
32.979013750226635
46.200483932123035
35.7209814812382
18.696522871538093
36.59507406972666
40.767773159197766
15.451820153518824
18.78492941904457
36.77261387932854
23.27032980522658
34.152527330145105
26.085637145877993
34.537510228945884
35.677220570062296
16.60808776818615
36.706035441162975
33.20135694850983
32.46074801257349
24.800521677521225
34.23097861667151
29.742155690451145
29.86485006137317
23.284686368760198
24.85886585032319
30.320412727314533
29.680076422806007
20.57610643528227
24.006496408762747
40.51612248754875
24.180892853407098
29.612707319890205
24.18746050346901
35.46145996358653
51.54760640748912
28.62771407946225
37.20874346719415
30.62789563845174
34.69938997643887
30.676106481039444
33.87318726529593
34.592919576495696
36.26911310085154
37.708266039432
12.670739793832006
24.29103866669925
33.60368643409681
22.92234731806515
31.06547148148485
35.118816161662515
20.848708660712518
28.38241730209218
20.069801046648152
33.280569099306774
35.39401538684964
28.71555253478388
16.810708252444567
40.740572642577455
18.402266683308806
25.75260385695627
24.33741616651257
36.94092971382512
33.81900189839812
38.43016743952073
30.42858829280233
33.502479415006235
46.44822313718396
28.505742900625005
21.97720233444198
22.373574067735746
25.71802373482488
28.237066351400276
14.854042809029966
28.519834960867485
27.514554340230227
65.81430643950233
27.359276980674444
32.95774408900374
37.067147419364275
13.948620982265808
27.22591113949671
36.19448119354706
21.65958986661429
38.74985571291693
25.365663691198456
35.879736521783066
28.49817195687124
28.070012072352263
22.793547463316507
38.73017880906945
23.97299791754618
35.16587149640044
26.061730336748056
35.135136658427186
42.93564041580432
20.21634764436563
32.65169247886054
31.974782986114427
24.62389609066002
21.58462140135738
29.95545523632864
32.29490931135866
30.12632048277601
33.180778107440865
24.462357103301077
30.568507178073453
38.96874207370156
22.042566308629187
30.774639746537108
28.753585199265274
32.460128188755
36.636654982745796
26.12304138628883
21.549201765897983
53.691088218564616
23.622788283778057
26.75829418110212
26.619935748545373
28.69083650204216
14.92562035671384
36.364399962723176
33.70004129645118
29.607833642813194
31.54429793899029
25.5933204207647
34.94153667757726
35.33064654700545
20.903132388231754
27.34090359904411
20.104558310224554
23.13960975944941
37.253302830975386
22.790537037847724
24.336067756092582
19.595730283002098
33.70687350127339
28.719574228421298
37.73504501125709
32.41669016019803
24.5614571090065
34.16428201712478
37.224419250307854
35.13885495633709
31.67317143433055
28.210941395229952
25.289649735837287
36.69928845628832
25.489282604118372
23.01907905239409
19.47323265366285
24.54746248879941
33.280702520115554
20.536225912112233
33.65330701666511
28.064196124817332
33.527344044426826
28.249911622264563
31.315265098614557
29.577369129784813
27.827766675042604
19.593335111826583
20.840938212218212
31.15961670665037
35.061360939489894
6.810176189650795
38.7544146209163
41.862559132523344
35.89981601992085
17.61108439596751
30.297737169295694
29.569576913412487
23.704433047028534
23.63758998544752
25.09171544887772
41.615312032467635
24.382695998183983
36.27586120862473
20.119585806894563
8.405487801685563
27.177168823051744
37.47071070748482
34.76178893685275
26.246073000763317
28.911126030555824
31.10863875330335
25.99671571786861
17.42197489300552
17.697747565876643
26.085364529828507
35.754966156038684
26.81087218310513
35.135009265840644
24.198812594701458
27.927512001511595
28.359562712523697
22.731001223024222
33.81806164525136
53.58222982752995
23.52399889013489
19.867344806726333
33.6092024541544
33.39704887494437
33.80466239230023
41.25027657921076
7.203193712618894
24.142985716335236
18.127154722948447
25.657256562105694
18.647967091252465
15.611110492753724
19.499817864018894
31.10839374149219
28.19373594315421
23.29610745266532
31.58505281141091
24.55197216935241
32.165862326128746
32.51943869026257
33.88698128493472
29.016027436088024
38.981934530826294
45.76953872083389
24.796858285897258
38.005509389438664
23.831299120425026
20.464748075163797
39.56174921104302
15.11177359577588
23.74620625337736
29.305394709261424
32.547260264801515
38.48013796219617
19.901480859621213
24.120272527917763
24.865178272296504
24.896865679172706
33.99980056769947
23.991558457381316
30.922009368213644
22.964631178685696
29.37071347789296
16.408361149471602
32.121422685840145
34.7329900638037
18.410531134580353
36.111059637320764
28.427643376819546
28.131622322387905
38.15266489901992
30.756728695653436
29.42775062302806
40.86833732561024
36.27728756957807
36.274950289240266
19.940105149686847
26.47924806559562
30.58396351113892
30.593145815460907
29.78550344357775
22.68306362282129
27.32421630386112
26.522134655101198
29.826445007041748
38.98768575741388
17.531687126301996
38.81808147183128
15.14835714179933
28.969874024589547
23.257982914150016
19.798747069082044
20.52814155171195
28.033216383029117
21.894086599893704
33.056930345283874
32.440082745481654
38.155989133658174
6.069924441712796
46.34900481103066
33.467076340050646
24.93421876119069
40.9560233672649
33.492596902476535
22.48182120993758
34.40545455579903
25.790393239246207
32.31996882503846
18.953334845118135
21.75797038605039
19.035294393320637
34.21699407898992
25.22858243430852
42.35104703176045
33.55116782504815
7.238949574594773
32.68602393336018
34.69620746960951
35.80192145622566
36.655627191594256
44.50365359142626
23.28631767090917
29.06659930939608
28.369738415983953
35.368864463575285
41.8823041696643
29.689872665272382
34.64340099347592
32.40113545643738
23.538955836564778
22.448383617479827
26.01408372019773
19.198612946453267
26.976812251462018
19.11244364255812
20.474160595755954
29.265520751536535
15.225101272281261
27.215182382673
35.605684659588114
32.17493244276641
30.34910900859501
20.298274162057787
38.791398054909955
28.647794976345406
35.39585946750823
23.35692631526789
23.710764985478118
41.158616316769134
20.869123298337623
16.598523725345935
23.734266616870773
20.906838994315024
10.678025835064602
39.07564701747801
24.62994998449361
46.01901920088664
27.03447950740394
39.79724685251223
32.60097664342962
16.10601779508287
21.592704150658054
27.483393960378496
40.13173469823116
26.23252926973722
48.37711668758792
22.34772211819911
35.76039270358483
45.061381963112154
22.39992280594006
20.85078522314165
31.524695611585155
7.537507344199746
32.65140429621014
20.63236251146048
21.741804186322987
32.80577758465504
26.336419278911677
33.77739729949638
29.475526271113427
25.817469571947317
30.132421660444
40.85498576894511
32.413757969617166
28.545238800379757
15.266644271627008
39.33894336013838
30.27869781365713
41.40245817989108
13.295964725254706
26.557303749070854
32.34315981751264
30.362433300367094
34.15232732673291
23.81576908679197
33.249970963562
30.870158698636793
23.703967337054074
29.90111622485308
41.434884278482926
14.391434178146756
23.419731595865837
29.71033929482323
29.11435290489074
26.88863733967127
33.51330839908786
17.803068138227623
16.29487802086962
25.47675076362836
18.87472693040526
30.406634537853886
38.3577475231853
20.252617835907735
27.93413763584024
20.837188906027183
33.39128132990667
29.754694950784163
32.75407430192777
29.604392602262525
27.229298413385056
28.26207770201407
29.952130597783423
43.60144950341503
29.130182186785042
28.53475218968621
38.35343811790571
21.397836042238318
30.87106137926557
17.761540291781895
25.5678367709605
22.438332148044452
38.09662669252066
24.29240791024107
33.33716671725667
29.002685673089065
33.1058703844698
34.62720725908018
30.16943687680522
36.249363988117274
18.97038933772644
18.983796849171284
24.279350304901953
49.0398775867813
20.05640254509395
46.52938067549422
30.1007697495807
18.103375150075063
42.500007510478746
35.198039816955124
23.66680596922467
22.219741420975726
30.00132315314762
23.144479837614064
18.00259379377661
30.84535245563137
22.91341512349055
43.709355123106334
33.904994756302294
32.81363615707202
32.58896290948736
33.180794153803205
16.547694042252957
18.477704009068983
38.524947442026495
40.16007010279334
26.931977819941743
22.223576684203287
34.70443963066769
26.871926660179714
23.24260263382117
25.78540955094445
31.33057740502133
21.51085356555019
28.927054542083543
21.586002989760885
24.115822430924723
37.975674260835945
37.22728971253665
28.919025682396395
22.029597584528908
27.821278341271313
23.42637770005146
43.117401404421244
37.04756046198205
32.20708612086435
37.83235983365392
29.114340199291643
26.533549396167974
24.563119307687312
28.449274821117324
33.47464983361953
27.802109733415538
17.384141133984404
31.218061631613917
18.889987288162516
34.45644968054375
31.00080345816926
23.25515715492298
46.25358471735427
44.608687768326114
34.529156856196465
21.19596178564793
32.320557082362534
33.0457080650804
44.618794040084914
21.704542103441188
9.155780185770038
35.04450094962698
26.263238396790353
14.395874304487684
28.32659981114333
33.442009266046625
32.40000451844614
32.13453258902327
21.79913242161277
25.952623758114978
9.922136876576252
27.889938998348164
31.000326731752534
39.33083042284925
38.033230301650185
23.566650564536346
17.467981125211363
36.78664528627777
30.601036538021575
28.727557134964727
30.149144996090826
33.36846514059588
32.55210090443971
27.292722581258428
22.34194900846026
35.5780989736058
26.08374737192664
28.96520012200567
41.381896938801155
34.9028126335499
35.652444536241184
35.58586492663247
21.418077190244173
34.982278610260245
40.10403073156243
31.840307819981465
37.42178185227787
29.196759523628224
44.1735504153123
30.082731363724115
19.77395314532873
31.888854468055538
40.93548881207602
30.913444873361286
17.77240668671232
33.86975079064332
35.048524242418424
37.15902703263105
24.79917077028214
27.03844887892569
36.974711024285945
32.430636339309274
31.631184251261256
27.784671555847574
31.31188300130716
24.644887908858063
43.499723963098695
36.376155451252544
30.284620805000134
42.88403717612936
27.52566400043348
32.304568456072296
36.54680567679034
15.643977809785142
28.166378990124844
38.61761351576488
24.444355545549495
29.51525291828967
30.469177757339047
25.958438950458252
25.006358444489422
26.30427158803935
39.363321344881165
36.90834106656578
34.30525293369224
24.837425935274457
30.64571656090593
32.96694074794556
30.680427306181922
30.744484922953358
22.129249269468797
30.928156689054255
31.05308317772185
24.262014738661883
20.920322944878464
41.49032117098067
25.525512956130235
32.12835505323823
26.72819042570803
30.257206907995524
35.97986306192484
23.837163298940133
37.00507243462246
30.068003645377196
33.34464444108263
27.3442817855152
48.475888333180976
30.841843534858832
41.513826676815846
37.256886117559155
12.463886756180809
27.500848052154268
39.660324335800844
28.525981777378927
21.957572141982386
31.267984058502158
36.8931186115524
20.147466442383106
25.182119397001767
34.19571198568784
33.73950826105914
19.171827566464533
23.944597198672056
31.01685603606644
32.631689945278424
24.658862242041945
36.691263242701744
32.846581794093474
9.065676963013084
33.564385531092505
23.13967870843012
25.788503207355767
31.121831563893124
25.083866506765297
35.02128146208274
40.93811665721243
28.626362200542403
31.357092384660138
26.078825821916357
5.199871696695347
35.96518142669849
32.058352814296235
36.5247065938873
39.86272340620503
38.19990160022352
27.64427642152054
35.71127226043958
32.67608714378119
31.543151041234964
39.14102266472943
19.615317670811752
38.213022594614905
37.721818892304505
7.928579265456975
29.982787657103355
30.569254282655017
25.46967114743181
33.64203634373145
19.968200989198166
18.451006582104384
40.38903485073894
28.28529921873801
46.60361967014253
32.99749280689885
47.22034090395876
19.42108832551608
37.73317851734814
16.330752935340616
37.17021936504447
30.880351618228875
25.804614935634355
46.77290884045065
32.366609288125126
23.07416905823604
31.099775793328583
33.144337597495806
22.105764497632897
20.810219165331375
22.58215617216994
20.083157717840944
29.642621915263256
34.05237178971608
24.786957462999272
27.200953795731472
33.04717997483007
24.123562588621898
37.017687407536435
20.577909432835092
17.91584008906045
30.310202032342314
23.518449985226834
38.28679919876647
28.468049029696935
17.990205844166603
23.94392772416817
31.93337802991444
25.496791041118023
27.344235946523987
30.26546468350166
27.041824515021688
35.23855052923214
21.674543612311467
48.7328086242876
34.96342069834315
32.87322653555045
32.34675641538934
54.18842625065426
32.7137543008171
36.0667512006579
22.790063003396565
30.626045563698902
33.11063004103215
42.4950854091196
29.428627124271735
6.058378995943777
25.83212242902658
23.288347393113455
26.367916743193195
14.876751884710256
22.072144099703998
32.0627398236371
27.46404527403773
25.943269086848456
46.416191531361086
34.654632009494215
20.451421358754946
23.155940906967757
40.26580957437002
35.62262858163149
23.12693955305335
43.31086395369468
24.821989977953884
25.919776722283924
21.00603795492804
30.485925982370222
36.34838159442538
29.513418377466742
31.55236196563147
26.665269551828835
18.772319247967022
26.682822669321315
21.168821707130373
35.06747688449029
32.72872394512822
34.99918597490114
26.86720874479294
31.752514117038157
34.56246277100825
45.73409574950921
30.741927779262056
49.64689222669872
38.71945507790342
37.851502648468795
24.51562237063444
28.243268789619215
32.91107506414472
22.5164584347672
21.891520767725147
28.84519796237543
26.068130099351347
39.63583955818388
36.68951475733115
20.06683596946836
25.214132480907544
23.211877269575595
14.68345883633037
29.43201260101008
44.98363861625782
28.016784121838974
14.517497546645284
29.17238976430069
30.798291027792615
32.51377635222051
14.1682721090475
28.755196841862393
34.34344656288735
25.018135546239385
36.60107004699246
24.823751303576557
28.026311535010503
26.50550018786673
16.439041021719046
26.362173885928954
25.270394300728675
33.297319405990805
18.256578336471303
20.277746751765665
29.91231760062606
29.135836598059836
27.908325521786125
27.0985011339924
32.82809187476631
42.54612359797704
32.98537373165101
21.308864146185712
28.197312643149818
20.92691514139601
37.769734789301694
35.43236662270291
30.42447932661496
34.87191030654126
30.958470231213212
35.68217297271045
37.84909787703735
12.964604875014725
20.22884760883866
33.96346727436085
34.89248448568875
37.09982268410223
22.017859665259024
24.223042657774915
26.149960728534744
48.46268447643187
25.168413099997913
36.413615336793164
28.606148332514557
20.05037176404779
31.69936181645728
21.295220449510722
25.989290383861338
32.89313693628012
23.86823750739213
41.954058760451254
29.133520655839188
40.41128444007554
23.026192089171168
28.390205245102006
20.88975792091411
37.228666813687504
34.11665142260271
22.578249066043877
22.092868078995277
35.08476607752317
29.065982729183343
24.173583898391783
27.138527299393637
24.35938055991516
36.40404728556393
35.45490611320436
17.125548897525096
26.84523781905338
35.779550764062435
22.135417059162975
36.771060467720964
30.208208698710987
27.068155127904014
28.090442418554844
42.750310945326184
29.970680391864242
25.630297386257478
23.17923091543512
28.698374889497295
25.23631855702263
28.609377083171154
25.575160106769527
37.289905441282166
24.486413522864574
32.800357941075234
24.297550748741713
36.78744476274462
36.15743816539141
35.990480807384884
34.021412790835036
28.240164670382665
28.313056518626695
22.112815396969687
42.97019897958654
30.817594087614925
27.426582432062617
34.51325503973803
35.33142316874817
17.111771680072863
55.14774036179397
25.318089421932
22.175254663585203
32.49110381584342
23.3711174735664
40.61446391107928
21.886725328756075
36.29817880183634
44.45491649162189
27.239897820772555
33.142761292208455
39.24672127132139
27.678258469395697
25.46243566191049
20.0122085224408
43.24577662275501
20.39002030076095
23.850643258027574
26.74971187815791
34.1523566695231
30.891950144067287
23.08678252246532
22.916906176463815
35.91859563390449
29.28943365878255
33.57530476419021
11.500124508000454
27.766489871401582
37.0039705038251
24.24737925795734
32.70893255488992
42.49569617462849
30.773110805973694
25.89492243020189
38.242398754303466
32.4408690003153
30.52419307048647
30.556835480300254
24.88040306057809
23.792981239974317
28.099838545905737
28.628093298523275
31.411314471124754
33.16991824036687
29.25240446517315
22.768507800430168
26.564184289048775
29.150806083214697
29.357677346247936
22.617236762877283
62.58468200549999
24.851153995747197
37.88097410571889
33.46152164838529
53.82074868345371
35.3351113976415
35.03909348270371
40.661139440733024
35.361585016092064
39.22964491713894
47.43331593091782
34.12388897309199
20.920976673326525
39.588145811563166
18.571783102580255
31.982949859792175
11.566974996981212
30.04256382892101
40.562382119449445
31.702519361356476
31.884061255069305
35.234425288884
21.99775383238322
31.761772498172686
32.894140138045444
34.5804129492294
24.157759945037437
9.208216956021545
23.502968380664335
40.19167944698288
30.637019309705863
23.68783201572088
12.678382144523031
37.51954865392202
16.418033030464805
22.373324951177132
23.190676305357755
24.412391498741965
45.00839201735821
59.077282419459
26.53937784085268
23.97982022219225
33.50476290590964
27.41100200186079
39.58122222286525
29.615684976223207
37.23994820788065
32.405188834062216
25.714974178618
19.174320387984814
60.808552334903
29.23505201546263
28.407494033980786
26.334294950348344
9.216431858129013
30.38719882826895
22.316312404703144
31.977321141865826
29.384551828315864
33.20430204990889
56.30466588590049
27.90275265296929
20.0587424450257
23.197230624064428
36.41971640140968
19.01911238076736
44.95813771090151
26.403235692451975
32.41847736696031
25.619985725948208
37.545678665948245
9.891700030916038
22.413659273343526
30.216948384538952
26.259045279170085
37.15009577328842
22.19526128988487
28.11437528647759
40.97389310450915
31.609308321028568
30.903600628402902
32.10594549065637
34.68059312335293
19.082779130573744
26.215404109216024
31.73961452740518
35.1607650590975
23.279832242898046
37.72415146643577
16.108892381969955
39.79994368322891
25.105754847719773
