1513544.202626264
19240462657.595585
12820026060.079506
29518773411.888336
18619719213.378407
12037787616.61091
21305905951.8663
13870019235.816036
25083760751.06957
30079212947.46845
28196983576.73898
1562233.0429885504
29194631100.347565
20627535084.584206
25868440925.491684
16685379514.062408
9422905945.33351
14678460678.896114
25873082991.000416
18247666170.390553
1768674.7781865292
27789761332.794518
1478789.0758669318
19349140896.49426
20964725337.42385
12666284974.898619
7623875079.373373
1643386.5361554706
12484363325.409027
23776657926.80543
18721794802.571873
2381819.587543526
21762143860.50127
20423390093.016197
21397867250.686398
27462861463.61106
9899214205.893396
18711246829.984028
13369090988.787409
4753222533.730665
1309971.1129478125
27298529394.939754
17937228688.827065
23250585263.081776
8909141252.328026
13498673332.037079
24266556260.54186
20530025152.28884
24877371961.3344
22509492365.26181
26819970861.388786
21123827416.1649
26672514412.869072
22518206198.271435
22065932542.503048
26924767470.677124
6337620706.973882
24782916113.31148
16648241876.106592
22440136360.907425
18052702238.909004
25553032750.125942
11375078613.265297
20881518337.901154
16224673538.176235
25700688958.090294
18611000743.963287
17613029449.947895
16889277594.503565
24725478876.246117
27209952906.56265
9071155699.185656
22280247293.84686
24910385899.974697
28469543608.618073
20017338211.087883
1561999.0202390337
27249025380.896397
19742926895.551685
22319368991.969078
13955926149.869078
7640702033.553308
19020165633.97403
24627954811.00951
12271249113.798231
23290821780.710583
1933249.8950906585
18358605653.813557
18335928144.960217
21400951993.083347
23891383749.65621
17945411318.943157
20260952484.229977
25519255771.003384
19153754313.04857
28830211741.20851
17190019017.40411
24681088281.708427
5105788900.931309
14260166893.215128
1768652.6151370984
23562510066.542767
1166193.5683333997
13587791904.208939
19289909818.648415
15151832576.28318
13711239319.544407
11063351950.91972
13636598052.009016
24271057313.192196
28365927753.56641
11790339220.27992
16830932126.976143
23654012284.670853
26262784905.950275
14541839902.362675
11413808817.93972
24488171066.4978
23162249579.996338
1063380.6553144457
20077428575.32254
24737475201.31296
9328526725.542082
26202080280.07712
10254399377.069021
8444343245.403343
30259353668.19995
19697054930.035835
16963499050.620941
29576328629.020298
16169916652.08444
11669481491.708794
14408111605.018042
20516130047.761658
27306235922.081924
26280570317.060455
18031614656.848564
22380525371.042355
24551199099.487038
1386139.2715386518
1883915.645693824
18106589611.343224
1976547.2444905022
21091018749.786522
14774324051.907478
12086883841.105585
30323797954.45805
10840835332.311249
27358693243.47483
5511086418.254411
21574907299.491295
17064553357.27335
30209259785.174973
22598615659.949345
5195275631.500639
20458660562.00054
16748732767.393673
22698006244.924957
28171563649.524033
19221181481.20229
1859487.3919902227
14662341180.271759
11490761891.49595
22638260661.88765
15283696546.312687
16712028929.82298
22674219209.433445
22963788598.7349
23484229888.611687
24174880788.52028
24630340458.586243
22779614549.244587
24045040649.005543
20592456263.692886
21052541172.74603
24558728602.989895
16339935558.285862
25212603349.43404
17002610370.690527
21287638490.846878
16815448570.105007
22480772184.835865
8533086439.547253
16906699408.882246
14502438479.507004
17933355457.052753
13092362419.677086
23381785494.71021
10315104492.920534
23212450388.83849
20582679427.560024
18161775747.162918
16585196935.349592
17541388732.21288
27979273380.036922
22367308134.796528
16658314811.915924
21670844813.567055
22029222196.458843
16299793632.743637
15972148334.49049
13195268887.527119
16793113761.362324
28637422987.541843
1507012.5637531744
16864845466.025333
26631889440.070698
19296373595.79944
18539712950.456867
22938110471.250027
25332196911.81716
19031451749.486687
24577533630.5758
26413533185.106552
19275824584.60391
24969343740.602135
19948227475.51683
19818228702.585197
26196923972.05118
18283598963.95893
1415499.2831652947
22807899219.543262
16804187673.656778
14934849167.948069
2348508.387014041
10075109108.030119
21903216094.756073
11521637282.235777
34857769538.36676
12064889784.152771
25664467918.453312
18502684976.13086
28210757039.14708
26528649731.74109
27273374290.594517
23615077749.568428
16918635041.541105
16209815569.3132
25314763366.300053
14639261667.80885
17711913423.417652
25443950564.691525
17071908453.980822
15121979698.959114
1389051.453953069
12479251263.451134
26828532988.791405
15958119450.55419
18667760803.60117
28777937480.92676
19086922890.30247
13901298545.238064
22971561244.595215
26031828706.791054
29455211324.328106
3472303.6340055247
21174175509.63277
22978244157.523815
19931008173.068943
18026668939.95207
19917667401.516758
16478805497.96551
2014160.364317059
21683776667.66597
15009225976.896841
16919578364.255913
24238108644.35716
3475538.721266233
13904878868.987558
18988994534.116905
22034587592.16365
10612415858.669323
9609723396.053934
21217941996.122425
24710184319.093956
1561801.8616606214
15457098648.99907
13565884211.31714
12231579072.951712
16611371216.1174
18027659953.036655
23019836125.42872
14842217400.577965
22376000763.33285
24189815887.94834
19164225229.914806
22332854124.190403
22668238716.349922
28146794882.55853
25105123329.15918
27649894327.65239
15342233036.724863
19854617114.224445
23092646256.54053
32350609428.44117
21682983764.313423
15903524951.389866
31645486570.00546
20428250242.74169
14380883599.408262
20843460497.604267
22427957324.013767
14774692950.375008
36168783019.12216
18046358408.631992
16008166553.821747
9581455583.311499
25571628781.407784
28223962799.08046
26254285532.420902
25701709852.369457
12400351687.176962
18823957967.993732
25582026513.990154
22942990728.102062
21851390824.68775
12894660239.875277
24145301744.004482
24777993017.008873
1602218.8211470528
15559812558.56113
14509949920.315327
18339804969.429955
27177881141.312744
21476098511.649097
13135593705.219458
18755395490.989414
11722377500.695196
18150192830.990837
23882031782.18046
24446572561.88271
11234427157.493853
24923834100.694614
25631834342.223614
18173699788.628506
20739400766.04827
24429641531.40208
20746670715.087345
18425322608.157364
15639947819.992466
16609281735.371857
28775597364.03487
16684779035.557095
18234643147.143837
20532920943.88239
12504128641.063868
13296662499.301895
17741482568.200874
23248434797.88925
24463643709.269478
23193648487.723392
19751678075.02185
25567281147.229572
23484223107.930992
25049489602.628952
9929583587.869024
13733543617.576305
13305616404.128918
24698081761.0249
15774518146.404924
14905285346.827557
20950490778.296062
19041018997.309082
15985265211.62596
6648228564.044827
19467584301.109863
26495291623.476818
15414789003.500488
22065740627.111683
24372254513.24393
22345056126.07752
12266089895.218664
24668137821.245525
15203906440.185144
2301168.2642936883
14009949881.20429
20577815655.755157
19908958881.982136
21262079327.995464
14380774321.234732
25347367135.955067
14052075585.613691
20209049571.00671
19130356669.45261
16219271407.762926
10659061224.729588
28066166346.874928
15182624455.21166
19338133759.711376
21382012569.82093
26149270616.25067
1695544.1779930582
21621391128.416027
17506911910.726376
30432292859.985165
21298100757.268955
2823947.670712415
21814003755.94936
24285909207.095623
13449506916.157282
18495182883.986275
18917650210.771885
23982393305.9714
25191918385.250484
14192431999.141563
24335423437.078808
25863929130.118073
19620493518.675274
22005427131.88198
16573897897.938774
15183953545.69042
10709207772.94518
26551065637.875523
25861159143.588326
22279125527.52084
23170048690.144314
1392037.262722808
24332407088.412754
29543846455.04005
22483134523.74757
16007349536.838226
15528255554.823605
16180218937.279507
26193412595.163868
18173254817.573566
3575737.4886154444
15068296105.3841
15875821102.784864
24568387537.922512
29552208544.965004
22531172895.528584
16068733033.70806
30348218101.946957
25939981204.3198
25605681899.022335
20146046099.779194
23341078635.36185
23825796283.942883
21228217638.522274
1624342.1648655
11616971206.112757
9660137271.65684
20108645589.349773
7718910146.631018
14400685693.63137
17648156950.365974
27539026219.631996
23239687468.496872
23724649153.42172
23999042599.725243
23922767689.50919
22638941640.722427
22723074636.794647
25666623656.251137
29036944889.93051
8400210187.422519
22468959884.262394
23480487264.23843
22600334219.472744
1921108.257425717
21089941062.404026
17116783085.774817
11030329164.76494
21306540488.4236
14465870735.020626
25372799192.0488
22231275482.68128
6334005225.722465
19886683794.546654
25071293768.49018
27057587760.494953
18573625005.842834
13910438161.182766
19063495921.75874
23788900728.957233
34927350834.2887
18790428932.50843
23258626937.03489
12754205511.27928
1749668.1568659544
13921357139.087715
23278629205.15663
12654737175.095901
19436287557.803463
1751771.8882355683
22308519997.338978
25105368333.326256
14059110676.551079
22458720326.23507
17024542025.0582
21889608232.528587
20585660729.4547
19222610069.853706
25500125480.287594
22963967298.240406
27431036470.805676
16154423404.535025
26670340157.828846
19615579143.84639
15115968484.8541
22102137754.53827
11703066555.528296
13973876417.437815
21351981067.848343
16590823067.676575
3801952.1255265344
23730553271.350414
12736476869.140179
22991738957.597614
17265899173.456524
18475603591.24773
12179012014.23207
16939812318.662033
21854367043.59635
20755435802.966904
18529433934.5681
12668195983.988
22363874758.01896
27105460056.63919
18377928841.17146
16714217959.066706
21388605061.205013
22676180319.892258
14293820991.905315
9362518397.317402
17824417584.49979
26400779306.448387
17279745002.893524
27886177965.837597
28992988895.68496
18393078531.863293
15992697533.491
21036755803.09218
15123888891.379143
23110614028.49661
3351413.4537424115
15752661038.054682
21574333132.464478
25765478346.82646
14933689757.018396
17891774554.390324
19637469215.16293
19851187080.658886
25057466334.32033
10838855669.086002
15611074803.030739
21794764447.092384
14137241737.454529
15608808812.42671
35982259683.20974
26153159888.539272
13064602145.33167
20379320215.356136
22971156758.833885
25446676640.783802
18624987026.39122
25333635043.174263
19140087996.034267
22806409333.20828
20083715498.269764
18170860583.062645
19019152054.360992
11089464281.281973
19222580094.405506
1674567.5175348609
19884848005.1629
15974055807.889435
10636512755.195993
31298224003.604492
31073338660.74958
19214855494.962654
26991699897.5228
23379825975.503914
26134077059.448975
19344615102.399097
25263730020.814426
16010682262.861475
24172685086.737667
24798561287.590046
16039324628.072392
10500305792.112392
25793306579.234943
17129751852.584896
23756922893.875446
16521271536.923586
20153974175.790874
20796670827.652634
23160866504.939537
17180012744.306534
32489102856.46274
22602259077.58874
19096847241.57571
16741079976.453167
28690728406.441746
29706482624.39373
17980530428.048553
9628659063.34538
18811346734.505295
27226835861.270916
16100443020.83537
16153712538.705645
25927830721.314648
18035340990.931824
20808609861.15599
19016421027.260372
3009224.923836547
22022912957.98939
18487420790.08806
26309564072.407288
24824439152.608635
21601854005.12641
18611153355.928944
19667642962.640453
20088056454.034595
27813349569.326057
24147110886.393337
1849921.5589946408
17398119271.04484
26581425461.861256
18727315445.817802
19678221605.352856
22168072939.711178
13257263246.367365
14374398519.192759
1898780.23182909
2006341.385509967
20667667480.86423
18517516375.84044
16974187975.786217
30329385444.36484
22603538395.193966
18151021956.387524
30472463524.272045
10856909606.604511
25493916440.974903
28124662803.475418
13846584770.771067
19824197711.17464
2729383.694164721
13959821928.1164
10906176297.053493
22460293210.841915
19647628150.529125
27286741505.45379
18808349000.778065
12737336189.462074
17372850999.126617
21627692951.72571
23489113657.93223
9762909867.814425
20793664577.151447
19007286851.11237
29779638197.42424
20707749373.7578
30906349387.212364
16363158876.633047
25793676179.889915
17087607744.581285
26316284228.5533
13204419147.271896
16445564064.01126
25913190413.639503
23013012243.83353
22324797762.552532
15913263897.740356
16065106802.531855
24812685293.38524
17155908171.929907
22393109608.38472
12331949913.044977
18919876244.47276
13558867453.268835
23991677097.757484
31310853660.52784
14265257144.201258
23865480525.801468
22547974500.411556
21212191216.474136
3795555.9713030006
15195075247.62593
17140569612.223833
22687147358.41732
10378345673.927538
25910464880.417828
14680761544.785872
20658672408.853146
27104209691.596127
15614528179.192108
32233603160.08864
23027718091.681873
21627084861.146225
7988648337.885972
32471488941.203712
23235296058.817726
30862305146.64227
13811952052.654438
24948092399.40911
9571015371.265104
35560553803.29059
10995323763.333302
2243257.4884538446
19207425504.14769
17166683591.538069
13800809708.935373
19868790987.30512
1460857.6799159788
23656904027.857574
23394850767.74647
29981081643.886288
19236129315.45878
24179774949.29151
17340914927.521606
3548644.886541856
24647990895.86675
24325875860.081055
23785933982.818947
7720669194.826416
22445804644.2825
31850500294.942497
1099632.2317777805
14172735464.395605
24144388703.264835
27883669805.015472
21061437977.09123
20413751978.634754
1665332.8650515296
27298880513.823555
20856171967.254894
24352175418.081554
20428228138.697826
24942682909.338448
19812980580.073692
17313842802.61202
19765387106.300453
30776986073.251934
25420668669.074253
16458249015.464125
27992926795.56176
27114818735.00777
16502701433.496216
15125109298.014881
30559829124.28357
12228539844.103199
19080649410.471207
13103981839.915583
1779964.0126030254
20317609702.838093
20415520761.53547
25918985201.695915
28717209844.533836
14207775757.535742
16040547293.86405
21126970947.587547
21084248618.052086
21538157852.162395
17201752026.135895
17396944024.042423
23672617620.95406
33691499045.288624
20192550634.761486
15694147091.742853
25639169378.12946
23198925402.160755
18810002095.79146
11592624873.462393
13756499983.704205
19286940205.25928
14877320768.495766
33013854596.329514
25803178935.984898
21609630742.470165
18717881488.26079
26940628072.15716
17855759171.836895
22943088055.616608
15044015397.268732
1684261.5898043253
25632346990.630493
28674736173.08068
10861749490.600882
14338143754.433622
22269650592.617527
18578506382.48006
24151341222.56393
16985097663.681719
20734850925.7959
23681359675.70494
24258131469.85486
25946693662.531876
19354052809.504944
20737035763.213882
17150001146.945095
21048138840.374744
21515534308.09323
32269397510.528812
24537904431.088837
23150277249.24422
16495592597.01232
30214865082.316845
23451799714.142365
14155064736.003979
21940390947.937347
1965436.42477966
14825031140.190458
25050287771.584106
22179053557.752415
26540811942.996094
22709558093.12838
3371145.00643825
29706957365.66516
15483266832.438246
15577282938.855145
21711811389.640575
22059470496.24328
20897749624.52951
25540816202.1814
13258453926.457253
23495107585.800816
21313320674.57268
20903097684.50576
13552909878.958773
16675307505.283762
15301324950.532694
24226544842.67057
18145822362.996548
11584792165.945776
25085861757.505924
17621371645.225067
18826942620.43893
26443039696.792896
19590280447.330006
12645433293.434488
19379280539.36037
24944723701.52579
31378562043.39364
20392381586.991135
11587484134.220476
17430571537.254356
23669865174.207382
16126938743.63082
15078835813.923584
17650656068.583355
21018834613.35575
14570937436.48891
20403151813.416058
16969139443.471584
1893094.236710777
14437872762.116505
25544165382.560146
24116311121.82878
25649500170.5275
19570312508.65743
26783864096.415596
27969084683.276985
22320056203.668694
26931859441.270924
18329774340.471657
18746584992.460518
23499671265.840538
14599341976.152334
14296575263.035582
22182787419.69158
17591964846.07459
8439491102.913719
21312401067.495117
13426883917.209078
28118993057.456703
23559957954.636314
22247078059.644405
26494117735.776962
20219491564.47375
20762024833.550182
25156594484.012043
26388318341.717323
19810618276.934406
31381927935.846176
14423844732.331764
27739481806.074867
3269751.40966618
13851504191.516062
19076883149.23002
21869478678.706516
16325841632.714064
21159637211.36899
17045681483.882526
11575224426.711748
19506407402.708443
18879891222.760815
29074829164.123657
30674854261.779453
24304434853.0144
11370161710.86013
28442250599.22812
26311466787.729855
19972827823.02572
21652242702.05004
23121952290.329025
22813258930.548042
26191289950.26761
20142659511.622
17493882526.47848
20717847188.495213
19099454905.64941
24315348028.160515
15119128070.965876
27708663608.4278
24234777106.0493
16051574554.975868
20326584590.39592
16257185769.593817
23942679058.754406
12546721657.141113
23084356103.157097
29051271911.85701
22617551375.59605
19682906229.11883
15144012461.17169
26879686489.793636
20836047512.12499
15517000679.88508
14656336607.749779
30072535118.14564
8343082288.659954
23742367817.554657
18616744331.436485
17906503103.979286
21748944099.996822
22081569201.75803
26402814341.718887
23072943126.903416
17520755173.069378
16642018280.018417
20877514475.63425
18394282410.587883
27922264536.58405
33739840028.66688
20915149161.96535
20505140074.291306
12457662111.025314
16171292425.493612
18883366859.182705
21028386311.014774
15974307958.863672
22003405141.084015
16924470844.223917
13193743325.840456
25920713843.530605
22153394213.414127
26204222854.832813
23376036764.32806
14369310378.594978
16705726739.700878
21937293933.32785
18506923200.909554
21453223913.673965
27206309372.56595
10335971047.944523
27008430739.42125
28086900191.692413
17514605611.918568
14646660195.95577
26814243337.70752
19185305284.179104
23139306484.83474
15848851259.864054
24203371835.4927
23495502672.42809
21254865141.441246
17635040319.70173
23949692913.74559
29190886469.65945
20415403295.054882
19343772494.400513
28406574018.63659
15069895293.130495
25836467995.74363
11686780928.891901
28551911966.84947
22556825669.5343
19363927134.17202
16217347821.738914
20120815617.647076
18804069942.048244
14699752997.73025
9096023724.460514
15988070378.02451
24465112917.447754
13173229887.598064
24916243327.601963
13784892353.32937
27802742434.134914
19659211537.05534
27299562121.546886
30374695283.649776
27652795690.02425
24236883774.234333
23266651026.889862
23567818521.580673
23699012365.625126
18791571786.21422
13480684310.34115
25406891100.540764
14363778595.638035
19894332514.137787
13910051147.38627
11388398470.12071
21083686113.698116
20932414004.60845
31651742777.07346
33185687613.510002
23401399130.16077
14444368110.974752
24891624394.420753
23946960209.290863
20212502167.526726
21761895843.03408
11788549204.381783
20867155936.48327
27694351989.837746
19366136632.55066
15992432860.326027
18251898004.19459
14664093669.535013
20751262196.6151
23663600349.674046
17392734321.122997
27255747051.39282
21069665415.954414
23919094053.385807
18119453235.461334
16965053157.220482
18626063850.227005
24196978528.84714
23700917935.490665
17519680903.370304
20138696888.112732
11845328078.723185
27269725352.70999
3318000.8131797174
1506304.5688661172
18901162819.00841
21556382967.994484
20352616927.459328
25732244870.327454
16634602763.354853
14326087538.68817
6976999072.932607
13029900188.79914
22811515689.37673
14248200531.672146
18860888560.34391
19355531183.180473
26777476771.57154
14816943708.450605
15127387262.733797
29722940210.196514
19129046762.60935
16576148810.254147
18847381633.404987
1535734.372372793
13348383334.745283
16270907119.41777
16684015685.243813
14440296563.35915
18561625351.866867
18459115090.932613
20452911189.709446
12797988664.568998
22516947043.921402
24224547290.93384
22120354362.72712
6402045809.486931
23811293114.399185
17680587544.870373
23572134837.537243
24124572279.859966
26586662945.21989
17786409198.85388
24445253496.33483
13140363461.950865
12160535709.833908
9074100599.283733
11301379441.785067
24417639455.293217
15037803592.431913
2013316.9774355353
22540756662.896297
14867608860.851559
24964213249.9177
21241763433.207108
23848810822.876625
17130384311.089752
24957193766.298306
23789485833.906376
23362545703.587814
23796726531.71556
21064285768.518547
23836760773.409508
22841653948.411423
11482298835.015755
17898890580.14624
23901592159.127636
1667995.6948417819
20825917269.709312
14621187287.413738
18666908308.72031
20258185516.68888
24392784426.35038
25355335031.14596
20310715638.747402
25535749605.84741
19446875304.089485
26038648973.219177
25417529876.665638
21826212992.97975
28889716505.93394
14201961938.586933
17039847520.520775
17630423255.095642
19516834780.8955
24422509572.241604
21768146705.589943
19217394182.05851
22501071890.882137
20129685191.120586
18488933722.265743
21008337064.84497
20393433649.04146
25636978164.760365
27046824600.166275
17360618854.653885
1772425.0109093073
24402451086.738197
24111681380.75085
17352951443.46045
26305357608.774906
8630454452.909206
13852813199.729681
21567800134.24362
20712747774.09793
13385213941.096596
22557454787.681053
15206345964.7898
24323307089.245834
6681519926.825918
1350459.4759023117
24055997519.26255
1369034.674352778
16693567400.042336
34814532226.84023
24872383411.231476
19576725592.606903
22975140692.42453
24260135243.0819
23675011099.006687
17300963318.894047
17206310352.14804
18399874344.61529
21864865929.607883
23026779350.111343
16673709029.960234
24571250817.027626
22243091518.437466
1989170.9094126145
15949753775.319523
14970238252.081856
26881200428.884117
16784341764.295073
22663131581.46033
34642196840.46969
20603570574.23285
18900916325.906723
31903432114.88304
23432477802.163597
19972672871.408573
23265439265.653725
24375935477.72858
27140433680.613663
29340324211.233738
17809394745.957047
2143091.8836816456
21324731131.63956
11883272953.68342
18499000700.883392
1956617.2286512968
16875811085.683048
25544913025.125435
15670233193.194445
26810643770.862675
24174066516.25857
27858156942.08232
12068265207.458418
22515149570.228928
21796950896.12183
25862693363.254955
14262100742.130304
21794566931.296314
21952572866.71091
32168630066.27951
16784417652.403868
11428791640.114588
19371418152.53835
9882826411.581232
24039399134.29698
6833662698.818482
15641603991.659615
28393791157.036247
3088440.1026073345
23187899944.8539
24083742399.180046
26458218727.838554
19643951409.021484
23862717823.03375
17004960040.333622
25725614136.12346
19973898471.423187
24089211112.924534
21500844414.01354
30187835693.850964
19226655618.85107
15217511859.276377
27407282677.550045
17347536041.56903
25726842843.26413
11069080639.540442
14569887995.14817
20618055560.632286
13946655037.22652
24872637858.16474
22141648340.414036
27580343515.567165
24710730033.472313
16562373546.365057
22991474727.682552
22003333171.044483
29155280489.372665
18573381487.73095
28107392350.79461
25650259243.699955
18627193727.018932
17385934332.262432
30438509377.730785
16673818982.872541
24059932172.280582
14326694845.433016
7112802090.959375
27441467186.11572
3813205.787704227
20951035210.323593
20905568570.145424
9926305624.586695
20184736302.195324
21094470312.841602
27550967491.537548
29819473524.260693
26714818606.765957
23020106712.700764
25618437536.86628
31254884842.12465
13096549797.28471
13973732653.66456
23376083948.00104
15365996693.775513
13519179840.497253
16479730012.76934
17619747936.516144
1882279.8999408248
8630221659.28522
21729893876.90991
21728056538.847248
24530713609.42179
17194666802.1799
18643785619.347534
20298910703.909466
23935868263.01475
19179494383.9504
22365819804.508327
26916026412.30887
19475740614.15333
723999.2312902609
20058011877.599297
21904515021.798904
24913298421.762943
11757502874.956577
22048673359.852127
15601954599.082144
21446383008.74403
18974003454.40058
19925990978.594982
31988236517.900974
25859263757.297256
11799769443.37786
19277650019.142334
22029105195.54825
11188843730.96343
21646184774.03838
12864927336.05768
18651155101.69051
16547292069.583584
20636600533.024933
1309824.389469336
5476554373.686854
1967420.7078917555
26121467656.342995
17747532678.305283
19739938146.115158
28094760233.55727
19861505310.731277
21760856698.3441
19062459152.020123
15091297300.79963
13739101946.518894
23233103711.273384
18430048821.0735
34914786000.46163
2652588.9879337614
15346045615.103603
22768650817.506233
31362457958.443405
17492739412.399
24834282094.428726
14181872661.989922
11623039644.967758
16777464906.701832
1835798.3640842845
3454717.8735526963
34051754862.3071
24871043585.41646
17371346101.191853
3537381.077862302
22598756821.52642
15229688245.13185
26970412154.62087
21232710646.95954
23560758115.6018
22027283282.375496
1689148.0981305474
19256765392.194874
28830515886.523888
1137534.1618036786
1355016.4332641035
12815617207.174212
17907209324.976036
25709011257.329094
12849902249.020395
26067157096.28898
14152932081.132608
19370539035.835827
20398259072.438778
23198634949.87379
26622396752.581345
2017345.1448995515
21783245713.13634
24971356397.904095
26822071026.505558
22409143561.85838
16204965112.951553
19228875359.058666
19919707497.279217
1731882.8918760852
15479960775.136946
30831990897.300713
17347529634.558414
23371411061.050735
22255203996.496605
2045814.180306572
25031557834.626488
16931092236.532238
29616819160.01891
21888258599.751266
23756878360.42406
22066089597.353863
22667011607.327812
15111122288.156065
19518722051.04924
25223797218.807358
17978245428.863472
27171297307.5952
25363658588.062813
9966849610.886341
20695040501.348644
22950282956.150726
16308287825.113075
24328235204.776722
16615704248.68131
18071696816.986084
3294610.454401876
17384195431.60001
19425628802.450413
15954855435.36289
28390958667.27155
24374450302.65955
22354768914.93555
18556282333.53928
27084229765.011177
27861435956.214382
16247622060.103851
22144003508.45442
28805814689.232307
16086645803.068453
26821228324.07995
26281437382.077667
19003925672.992542
17645450193.169796
17718444407.538044
24164773844.11238
22667759296.244606
15971154848.712948
23224508809.99292
18581847552.982037
12725448106.687223
13748832261.61098
25556731120.452293
27708996152.327755
15575779355.18043
25643592102.086197
9020431320.962402
17725617147.025646
20157480882.955116
22045019819.189445
19786228881.838516
22632647659.532738
16266007785.106228
20395568379.289837
2049663.397563917
2195651.6407377166
31156670640.118816
3026240.7064994858
20939190752.790234
24765392915.083588
26654431828.19192
19595729835.198307
30435678647.240257
15992568810.846586
26400521372.050327
3228229.1978988145
18917760403.215908
24875773058.349274
24327439260.65331
20439334119.02738
22690993816.09861
23434798956.737667
15520970449.883623
24415660209.655907
16424761955.688734
2207029.1705398196
20663226150.315197
20159408489.52737
18812285989.975357
20874833578.587746
21498717720.416595
12633634551.571434
33362316801.710518
27785360623.623787
25867628026.83825
28002267836.586678
19655926122.34149
14672066452.806843
24349547236.85698
19508434062.419743
22906288326.1569
17624546627.874947
18245729845.51689
22366167124.98055
17387967208.977207
23220186603.292255
30781978298.233837
13950569904.957577
20820497495.365078
23039721089.584583
19888959214.073082
14433287236.51755
23240315589.15908
21665366714.4779
18842887827.765305
17825242412.236805
18586404175.890358
28095122251.293064
24145724772.60894
1368904.9201705523
17872953430.401237
23333939352.944515
11603467356.764431
30208415886.87056
17957912925.140556
18583278687.440956
16894285359.631544
17092349421.091816
26080436682.076485
10481154389.910263
24680145707.366768
18188927472.050797
3136650.700416373
22797066739.26765
21397023575.584766
29723768806.185383
1627213.6502447166
19036822772.725273
26105444233.98677
19282920415.498974
8594612808.616278
22704720907.478924
14201550441.495028
15307377887.566338
19823431535.272266
24951700343.45791
17359576965.205547
17162165085.338291
22523177509.1845
19283648998.45104
15587300559.703608
10771936672.281013
20840041983.2115
21000034480.349564
25414543189.582935
29205782422.89842
18478767219.55128
23901140232.044025
28382900955.985947
12564112954.99488
17849826057.219913
19440349544.14883
22945684515.69147
29415367816.649166
18337432149.735916
17323763251.59721
31779917604.82175
14092659702.412169
17047961590.818077
13718544767.907225
24781622687.49143
19461784422.722775
17404493943.479023
17806483852.66567
29073879995.79765
24228712613.574604
20036053262.055325
24238743962.968964
22478214933.0173
12742694406.550177
17216460510.66735
24608984554.331352
15165348078.696507
11408748799.227613
2019045.7451885575
2098875.509494624
27016060131.46465
28042615638.26521
6894838210.353871
20420657367.880997
29060659003.099754
2157573.7760606394
20891283634.85255
30146763155.270775
14016987883.1727
31443570394.636387
19853471029.70508
20192218138.48984
22216199909.97098
18400626525.293034
15001423897.803505
22143182831.217613
15326925808.196241
26492703755.91008
22777208725.036522
17696894194.16865
25032072337.041245
1374049.4500962766
20714563199.696194
15437325087.955856
10844880980.552912
15463888916.773067
18217808727.295937
19398221243.32011
22188271677.675587
26146863534.32403
18050161848.109875
18070122088.779438
12253892903.010296
24724436388.117332
25114603147.33385
20543683008.767277
21060356912.23304
22314946508.387917
1682413.924876014
18193374168.757183
26047215172.81948
17600310548.527287
14210604234.492046
27023512270.53621
29885763077.54853
14106012910.008528
21754271470.08263
17480334897.939026
15038249340.158146
14243719937.811968
15481366793.451126
18603318382.956146
15411621313.035652
22747347491.468773
14029317325.855717
25896865743.47591
19815986990.385273
26688742408.59997
18300701989.554493
25658326881.787354
18134768712.547962
16466363079.022572
27552130911.233723
21261209723.568024
18005408063.735905
1763597.1786573867
21211995029.927486
16738698464.326899
2920392.4230165984
20503115382.54071
17961618962.698067
16670282768.148104
23980095930.06982
13015956116.977007
18172922520.889053
17985771428.998394
21076922740.88483
23440761188.901997
14152562031.618332
19505789492.716484
16745117066.200588
18253104022.22269
3240800.3428880326
14901211044.205843
20282106236.360123
12528592741.889648
29013217491.503445
29616003774.18871
28730501590.42541
24137549381.744907
17239971948.935047
20987183972.12631
21651507439.232098
16042368228.94374
19651403376.25442
26718661147.162197
16819424655.328568
23738982857.686493
15414253542.697567
2234070.3999006613
1665481.6974135472
1549138.626105353
31695271967.53612
33723010275.452168
17891018540.62496
17071460799.169727
23078403777.320152
25357048674.53628
31537214277.74401
14255248562.71776
19366346948.89211
24456270554.841366
20425144543.327106
17357860461.02047
15698905024.297806
19767400661.311203
8308276249.335619
26455295678.844814
16308268700.074465
1734817.2709248592
15691270625.532215
16717060450.710535
29478802957.779034
19969437773.04486
23499228058.42721
7398660806.874617
26494479163.180576
20419046919.2747
32559500161.633053
27520644151.101086
19749269608.758385
17967547356.147736
26070471359.852955
19546931185.602127
17402857830.25628
25748302730.20463
16055486396.800535
27736551861.02833
11642115426.776865
14186316910.449516
21578069014.92475
16562531923.773127
16345703880.087976
21087418291.627743
20842584722.25137
9830742647.327412
27589797525.44839
16850503795.264961
21837323280.021183
20949005073.676918
21735416450.36029
26112517007.608303
23449038568.50979
17525915834.405334
16913547881.137545
19151077715.931324
14529369150.943539
21872786046.039406
12810889810.167208
20568814142.654736
16575835331.136452
16243775480.243479
18236594115.93666
28642771758.952763
23701363743.709785
21352518521.576874
23115236566.950428
22496700002.431217
30935371335.964653
20725590752.6465
12620822096.691051
23793352334.162575
24081807071.567978
15560190330.88069
17045790449.881582
25922101013.23066
12573184263.063038
22412783138.184166
19600225554.627876
17778119849.164806
25877920072.180313
17117206177.331411
23683437752.200317
21690865096.275085
27305638382.939613
14882484498.98306
33809462380.169353
29181207026.170242
31329410630.843987
24066938393.038494
23488725754.085106
25439761747.45367
28586205165.043186
19156050137.161205
19718857176.392284
19751373296.70676
17088618128.443684
21977603646.27527
12652408368.125082
10092958481.937561
21987750332.686337
10829816936.81316
22632395561.64272
27283739294.63459
25644478923.304893
17453706362.80791
20937437682.039833
19439986554.350204
27579447843.556187
28585371694.576923
16340263872.631607
21524975894.80578
17539730597.282887
17128098453.535582
12124651724.157095
20928408555.756042
13022905826.786919
28672267429.08141
16758131902.620226
20426111893.26098
22930364016.82118
19716643657.44361
26647391332.100243
16176414154.64639
20505148757.33128
18218654458.987484
22775768513.829006
21447587623.54921
22557408530.84914
27540877921.161568
9247494182.514437
26862895679.911915
31825778604.575794
22343311550.06325
17411640753.684994
16578341208.641207
16815837616.640398
17441260310.528347
4721160720.130852
20449337593.51887
19329165060.018433
3912399.6832217337
30497907653.537117
28023286714.67166
21617463771.550846
17536842740.258217
17929557839.849277
21541022974.022327
26016676268.06048
19472197535.5034
13681619511.340738
20689772251.463394
23355224390.60302
10569566944.00858
18051342547.561577
21769769056.50036
15551096855.881584
22925139625.10392
18743606548.148376
20882427214.060623
24904954541.01569
8056555403.370036
25098423805.979492
1623600.9825996053
25010588726.983437
15749061487.977816
30460659951.388737
22198454932.882275
25451508348.354877
21546031411.298836
20446444048.227726
22003037083.350098
32028190522.94922
14251089618.350948
17857325296.61774
22884954607.59224
22047693781.015903
22255767587.50846
11565287792.733536
2769037.614080674
26759991759.020924
18359545276.188698
25675170386.274498
26935510525.733482
28965451619.309113
15327572500.294647
24963325672.51476
18116539315.27684
19110652805.333614
31392370393.53321
16927008915.703712
21074199141.564793
21130416057.379356
8056045513.963333
12372896541.445732
28743768963.202133
16274734003.540295
25113210968.740604
15485802300.053411
17806518416.94454
20475315537.923176
3341895.487987578
14492185287.813105
19439300276.629654
26446304669.404594
7340489345.497605
19701175926.697483
23378153939.346348
28034633271.8395
25157487905.953106
1486496.6353182232
21646184848.36187
20169537734.16403
17281686894.125347
18839144989.61165
19953072729.492664
16031499904.280102
22032088601.25158
18229186767.19737
20053654584.986317
25516398853.5447
22090508413.86465
26969681914.442123
16892334506.853104
23341289924.76319
20641360080.569847
20829140387.902466
16904023960.968193
32236142175.6062
23957452051.033924
17895907237.566055
28291243739.66577
17791891835.904556
21794331117.137474
18834230615.834076
22478348266.063858
2183504.2517132377
24788985081.72792
15498307780.885202
18677798743.41068
22119730216.889397
15359333722.192202
25194940210.461216
35420797168.81792
14003009412.12247
19184835612.034466
22414286867.168747
19127828177.361904
24491661817.854134
20851878520.802826
23636274170.7421
17698833925.304356
26707245251.18621
14783227946.426535
22536439640.542023
24070958340.595478
12773886249.792294
21837757096.945866
17084019385.163408
16856607267.030415
23960784052.56521
20042869146.311832
29899304772.671078
31181037113.218468
21120644700.292362
1649074.4611478506
26892216236.213875
21920299664.668243
32064382064.952927
23572067874.1223
4481616259.070817
22510966401.558815
25992202610.742466
20560974102.634083
15625708492.90159
25858254225.719795
12622809693.395657
29796527787.55419
20764766567.400738
16335206126.534897
15819557783.936636
2097780.944913469
21221499121.58372
26255407463.914394
22771263786.86093
12281715711.441334
22807769254.47418
25418904668.97836
22647556221.72101
26077891669.968903
20984767917.863457
12015780034.953192
23338953186.731937
20487302737.21952
21295089593.614063
19270751262.05598
21272805408.074806
23210663930.215336
2088562.7862192413
18395424563.37019
21919744691.03468
12250962766.03916
20587165312.275368
21905474800.31753
23045743611.372818
13703993578.420156
26291777261.67196
25078133348.024937
25070021776.465977
26375979045.05649
18870507020.829037
20267438172.61147
23426085020.63731
10559297998.154833
13464139078.223639
25973006099.91439
22034385579.527355
26357152225.07349
18677721230.368317
14958081706.440008
29567493375.88216
20342763314.40374
25563300419.78336
24994845996.040512
23473074642.90038
6743917039.871673
27661700279.939842
29555214919.287
26953166846.040756
23940872264.81669
11347832504.0657
27047311821.952034
23622513827.26443
13692979395.405514
12184505917.584585
18130775463.704903
19441578000.69487
24813572107.33047
15880980679.244343
15801693403.860943
23784483513.06449
1786698.4406745366
22600403942.06583
23481985081.386967
23409013894.94414
22338868583.963463
1524833.3532754118
17808541189.03277
24363966171.49377
28681383538.539494
17168391870.461634
25111850401.00078
18597712883.011913
14799512756.396803
19574120120.842785
21753059475.350254
16507724806.065014
25969870110.34926
18992649250.930855
19700979533.65932
19879998350.38394
25063160722.646824
26064768932.860153
15934444902.928427
22091036251.107315
17378380418.999485
26096665194.19804
23350985901.011578
26796144199.75092
19617935058.051292
18387014713.209164
15353358469.367691
22950075751.196404
14645336261.941223
18807563141.82114
23256991208.088913
18280543760.261017
31749674042.5078
1860639.8202031548
3268136.379885316
21323544722.188503
25671744754.224384
17758988867.339233
30073341135.162895
30143081739.71718
19009685886.687454
24173725558.111294
23256351928.429115
21937822517.268974
23833242020.435722
24836756111.17826
24713076838.816
16715329570.359964
15742581371.09515
13254439048.830605
19160662089.653564
1316156.8096452914
22085649959.14538
18659404790.439686
17242556372.714188
21759300949.807613
17689699339.283318
33006751250.92127
20788394350.761562
30594033740.389843
24907136746.7624
24816250873.454227
1654603.6696909277
25708898044.451324
25890913512.421104
6582346600.546581
24904921003.542717
23150416991.25768
23008622127.25369
14220393885.326393
24636443540.620144
1905834.664123945
28048850696.950195
5735146328.281124
16073686142.453194
24401328912.805565
24833481954.757786
24756652712.876896
20168023633.049057
27864726137.030018
9177288627.44258
20329899194.77318
23240280319.8187
21108836859.2929
26228874583.173733
1574553.9724299067
22655799663.66225
28860415641.2171
20154668660.686623
13643476641.00294
24115341895.47081
20340752206.730125
12934065771.121805
22602259744.574318
14215143966.838219
20858666423.576733
3645744.6701502134
31189753136.7107
17726845485.430637
28913361109.565983
16540752112.629099
23179799447.88286
27240145158.807095
26400527513.549026
2189543.440700768
11133022765.552462
21888102606.220955
20735373170.4377
9859443832.56921
15743254784.141342
15471232650.996653
17715137493.14658
29553592324.352364
19819185807.805588
17814908791.039383
35691007395.403435
1966634.7196860963
12268923161.742722
28395615594.595608
21852646666.77903
8898701042.84402
22933771754.014904
24147021600.388836
27789894556.086143
25389627594.09465
19660067985.9926
15918736935.676022
24774707109.556618
14971221009.315178
14439223199.206905
17719545061.893303
17932116524.737522
25188331475.72361
14987998044.210892
17516473125.918365
31758791476.662197
18423150367.84111
13674098162.53152
30244869046.167336
19416002668.44391
15433913761.632856
19670086447.985455
23268374286.693523
24937811886.48002
23680075593.49236
12463743163.466612
25753049041.651318
22307359380.225605
20745244315.629032
18379904283.45653
24255653840.098923
17571367429.314297
25937351294.708992
18885631572.32824
16478659155.899092
24499884727.91417
18966735880.084236
19990782867.476067
20369085610.05497
23202072239.629475
17376892428.91946
21836432175.896744
22126090640.388927
18693044062.99336
3032159.806908303
13983940609.91425
21211308462.831028
21154401047.25385
26166728433.699764
21540687155.542854
27767792766.776695
9599609675.783916
26471044144.499905
21712886423.553177
17063363527.793022
23397183576.741055
20037437785.2848
10870655387.127953
28087000558.379677
21063843268.953995
15762841853.28369
23354758469.68448
18977245840.338535
30937733349.510258
3219146.3363151606
20142522768.144344
19137307111.073624
17628804961.344707
16014319159.099117
16406437635.393421
22570125609.356594
16973047619.730406
22239169501.64707
2109315.4729864197
22184255788.66669
20118074226.657463
18797518341.51774
23325581871.269184
19108760703.935986
30479167223.62848
11061130228.621222
23989726933.045013
28421994184.28776
21826130370.36087
1635100.465202931
23161059349.523796
21955583638.56111
3312577.3400854343
16405165363.28846
21466226153.916904
23129755447.512035
19250378155.223907
14531228416.247414
23954617557.91192
23287430822.957478
20773031197.61583
22927116787.68922
27090382610.58236
24183144467.55618
21587175511.9851
17357069280.28596
8790456734.228268
25642614353.61946
23693114009.945766
22753089981.876156
17598164071.892185
13654593600.80056
28566687015.23916
19674825460.187763
11731949359.07105
20935660797.493652
12018040263.293667
27059654950.001987
11013159424.246473
15968604281.054403
19988339660.837227
23998086661.10436
19289460834.748497
20446321013.250393
20349464857.60158
2161403.031220724
28780821294.644764
21045426712.131252
26404264500.940052
29560191696.548172
21319932741.319664
22102875369.412624
25690068131.242043
14877168152.867092
10898809698.94891
23895445921.245583
16670487028.804766
15001729743.89856
23943045709.54303
24943441226.414757
19299320400.690372
15970003867.947294
17358636539.289265
27590794378.465347
28186425475.77422
15575248501.030035
26429514811.44903
15924538420.759468
23373754628.295864
23037079050.064934
1520349.0877524246
28454838142.024715
26554264060.71398
13747023044.49619
9620892623.889683
19455567589.8069
6600495924.342805
19640729354.895046
18236853882.46098
19616130383.388687
21513314464.964096
17363394424.347607
25794452294.051476
22046841759.16142
21013653633.2134
18806836321.34658
22950769191.119522
23552338640.434765
13879447067.56768
20539183707.9905
6566890333.331299
23936353439.63161
22173844786.74069
16551877105.391085
17633053587.39508
1643276.488475048
16409718350.37009
25565218619.428215
2037200.9021624238
17020824888.660849
6213545137.160935
19808083318.35571
16339404800.25809
24908725198.492004
21572982658.69605
31064441430.1839
21117302388.665737
25577536416.088715
19770235515.88514
30213066572.684418
1998682.1085234575
25322552729.80034
31578236278.032894
15311634171.323898
23858163961.69769
32849473515.348804
18541655324.03611
26158290193.160275
9663657404.801733
15368710879.080385
29231418106.75562
14032244476.290472
3925582.4017869844
19977470510.704487
26413876421.402054
15634437598.02641
22427423567.75497
23580301118.35741
34531168033.73864
22362906834.429245
21254977148.35511
18284330408.858917
27250488846.448917
15467569192.554537
10180730245.812723
17689746839.722706
17153976764.817068
25560900780.689518
14120862448.088747
16435939895.769602
28510685557.75277
1742486.530410503
26744515115.3627
20228393162.947746
22623249501.220333
24960604986.61527
19960214274.05086
20817144675.56459
19101687957.89291
29410138574.498226
25315993642.734367
15095692574.063276
33535926302.553955
1758757.7032636977
14974373370.355701
18307777243.584324
17683142800.359787
20504822277.827045
8337821697.281563
16977099621.559263
27994721298.234478
15958398958.429724
18367086467.078598
16531840388.955057
13962818707.122639
15274271226.824093
24361134046.94624
27319639950.361427
21769853026.984303
32140388900.70525
16862199136.644753
18365976329.351883
22474617277.38968
20649131074.09244
22873522898.731934
26147420964.026188
12425452020.19898
17665944163.46703
17822568011.147717
12836277936.290512
25159039527.93362
18647251096.528248
20501559002.47282
13697783029.597046
23722436117.89832
6685522959.296519
24928586782.143696
16457592272.362434
28462922825.39899
24509676284.72897
18945847546.91345
18515583594.08928
16861336039.191229
10099933524.63458
11193416252.858334
22919735751.338326
7381766397.099107
22982175069.38892
2215429.9133031997
15497472490.146622
28590869013.241745
21717191018.852406
30334521192.83092
24204350301.618378
22733758066.23138
16898703588.698437
22837023856.585377
20122213877.05463
18028630942.958473
17401980821.135933
20731363128.48288
25440667474.33842
24479844817.344933
16567840002.303747
18209547631.907352
28060902717.47992
16744397277.348778
12285307729.472025
20999848311.28229
22126463764.599808
24569090003.785656
17929565973.33607
21078319345.133747
30641346502.17919
22029037685.258312
10015766495.813166
26543476001.59156
22840772230.659267
7695199680.129593
25608036508.138184
17596010724.789177
22069138421.948864
21236231205.849976
17446051033.775322
10351721524.900866
24444315491.079826
19866729925.145336
19289289758.494957
17261717927.758854
3072560.355634692
22766927195.60749
15833079784.254957
13486214353.999426
28553976954.15492
22103702835.002026
9650190713.63559
19984353476.784
16806473225.51946
29165066155.805466
28564121093.368076
20888531580.26889
15122447067.414764
28571435263.953835
20776600896.05795
17005588394.981014
16479758811.200169
21515836738.11914
27545879024.0187
2661671.9142411165
17604828447.15664
29203055432.808865
17412720053.816128
21736020904.424183
26655884212.094734
19500409125.29013
18198860858.799473
31871142994.140804
21701435138.394634
18865878239.759514
29623237373.33133
25261637700.794212
22450202406.780933
28345033911.574593
17297432832.357376
16122661965.026207
23552753639.12469
15705854552.355934
31585996148.393536
22344295392.46949
19620251156.152813
27158660758.29785
20141953831.977882
26150111993.859528
30683084286.392845
16540237448.500055
14326505793.429737
15215038757.99812
23965714864.69221
27740827653.382156
26490958879.052353
24047497477.8993
14056299737.392548
11587880646.513521
21035213331.417862
17871051823.97149
12846575274.527554
19250828237.677616
28225980018.416183
21286840283.569588
25582575957.16617
27588205426.961452
17345370724.611656
16574749606.026665
22331804064.087906
25052391206.1768
1680867.7533070403
23875337621.439224
16264738934.501892
28241895486.750294
21480209530.4275
18146026259.634514
27905742090.32883
24916160391.10913
17663251612.28864
14994755372.559599
18806000854.87656
15151295861.740803
25215011848.771324
21245131275.6079
16544242036.838982
25051033109.81698
17818240064.81125
23715182871.318005
27016413748.8738
23608905323.974022
26099421739.390465
19127553476.83861
25113975218.59462
3289773.496928449
15465748419.308977
6469090879.885698
16090501112.438965
26703761760.348454
27419810030.100094
18756007282.05526
21339110900.497753
11242248510.376186
20794561298.965965
17605878474.867416
23321623537.55031
18906687036.693554
2432868.372790804
2704307.1341522834
948540.194821733
17678935426.939655
22654674495.945797
21913707987.702724
25024670561.816452
21844561820.15461
23062137117.450653
20606784982.82639
22308886426.8939
21563541603.772408
824077.7635401661
912450.6818165263
19194276737.947235
18719543831.175156
24626209990.522232
17608320790.821323
17522582064.926346
15021564351.082714
20130707416.7172
23604463427.086926
22815680831.176994
15446864680.222347
14574526982.25606
30912140543.890232
11532500720.936596
29534374426.234497
17646660078.889584
20984357758.81966
28338729618.68269
15233828539.390257
23668236414.908783
22217829625.891376
25672087539.82591
11936465424.273136
21528179702.28881
19768133641.24874
13844155012.124537
25686072785.734467
6352057355.1677065
20950084070.4898
20134545465.198757
25561727994.112892
1217485.5822707016
21856894544.86358
24643454311.68303
24849312878.50249
8629960900.623352
17608083237.646717
24265350353.6677
29096694824.726063
15886379534.11016
12587228593.62648
21288515502.981236
27248232883.380955
20373840526.528656
17914611392.48382
19485142651.64253
23369213164.839355
15842681187.805609
1961278.5884666485
20261135702.143276
21010016839.38847
9958910627.293467
21469403221.766953
24040072739.121563
31807529952.71047
26934737016.60327
14432475517.479841
17686760914.359768
21435785761.46259
22002320143.45262
22088393879.783638
28643440505.457565
2090096.578320992
11006933199.688145
22337406669.17545
16378014346.766323
25425186658.37726
1754183.2111081507
24723254720.542534
20911894622.94946
23486439849.46611
18724051937.612362
5294450258.169134
21677350688.46532
28047263346.531193
17263523993.20191
20687845723.424984
23185755617.19857
22477170334.523968
14305372397.081312
21194283460.55472
16671229509.613811
14591629320.912115
15271213579.43677
20653168586.696068
12461200777.17565
24368352943.544792
24807097122.988865
26670083563.373474
30918133123.433926
20748388733.740868
22782671674.139114
24633394490.77842
12500869711.8244
19968030648.84784
27508854989.65708
12596266355.09237
24595094613.499443
20309416173.98559
19056456991.723885
9363798525.43041
12972059347.109186
21682348062.97113
15768325941.040648
15638558888.403284
1790714.1018969137
3181596.8978765677
26442134220.616642
25415088978.57598
28444819938.797802
20088821761.582386
13669299436.356297
6744116030.885744
23792263914.99326
18068630454.340664
23170913017.254387
14651506563.000772
25483981952.533344
31063465261.419556
14638455634.533192
16185084279.979887
22247618933.944305
25085275405.33065
29192471193.549202
22139369599.1711
19914355371.738922
3113522.6868584575
1547146.866228493
24764599162.530293
27014456990.217632
24527902478.041424
16894411458.66042
22245592673.294907
18709392689.646595
26598178118.170135
18750917719.88889
15287252652.595451
15031074447.390968
25320157130.432575
16454292826.184492
13715270329.690432
20138333262.5795
8051129178.254855
18503775889.638058
13916978379.959688
3840604.643479794
22696649145.6004
22045378071.280197
7211447958.355455
25425135572.91698
25903087436.02334
1695396.702374722
20801035046.692192
18064953016.489742
22946837062.012146
27821485154.05394
16484457050.345537
24872403758.529583
27139027198.181797
13037962788.063545
11517790274.605894
21241834174.39284
23182706267.98389
19742333167.402306
20198434504.76686
13177844343.361696
22713357093.865795
14852059659.869438
16856348852.666826
12374246333.79225
14992422427.022697
15362578908.570229
25745934569.319546
19026378205.591133
16089156534.815159
23474636978.5399
3625135.146441754
20379417539.045155
3367967.6196523146
17807089644.80848
16224704807.02669
27491837769.53544
18721996432.241573
26423980930.239372
18977098639.39059
18037283416.415573
22001276923.314297
18401477790.13588
14507989639.15355
35174368068.54059
23473892763.172535
15311965992.225216
21050478890.467857
22309983531.4302
26209961221.625835
17227461757.7534
17047318731.355967
19511071412.72151
24835118808.524708
14924428102.868471
17328170583.75496
26887463821.33598
17017637184.875986
27678755408.870277
20046950751.69756
25776223054.36286
15666451872.110512
15699984254.373514
26016239686.170853
26986723786.86112
26521887655.81157
17027957662.899237
19520007980.16529
19629509179.900173
23513013106.807137
22552708906.30633
17911836927.71051
23466028120.405445
19863674799.583534
12699318636.07357
1718840.77667341
10500309290.878267
17033870197.290735
22286245519.71794
19532210387.388992
21352802839.673687
19438228460.79406
15610277223.97638
23394724170.088226
22664793986.262264
24740737149.326935
21613956395.586166
23265255193.37915
29664705156.336617
24992972785.131252
25149650351.272255
24701224334.15171
24007927205.491528
20361905657.5432
17428740143.586197
16716517229.567476
19329654785.59841
15378856783.452326
23339461005.62203
18304826380.186367
25803413699.19711
20927130098.13727
21242677301.207058
25875848764.358406
2888710.9035311663
15586211306.405188
15832008401.50288
29151897897.171745
19368633513.915955
23505734767.217857
21478682272.46967
19154981194.577686
23117934437.239017
13766053197.034082
22213596015.16871
18440794054.104687
1301924.823177407
2439789.4571311367
21452017843.393856
20466252925.495937
12895330270.75267
22965795168.03703
20574545536.867
23891193909.323185
2909110.209333207
21775287152.814915
11430814720.428053
26186173711.0686
19461080665.11287
36118533044.89372
24458823825.65352
27182538010.62774
30231858866.57484
17598497226.265144
1769111.7527054113
16124849762.748236
16789105264.878561
16919894533.457617
17015181385.743475
29058640051.632122
23753874701.562317
30195728258.27617
20287208944.27047
26694784584.16196
23468917598.885612
17709817141.23558
11342742079.04184
21548344072.675484
19785765482.299095
20279289326.127373
21626571977.485863
24904287971.69212
17886829291.22614
20108701164.628796
12031518914.42136
13527435092.734058
24132367156.31152
13461618341.707432
26628611113.74933
19820873719.731174
15905973900.708178
30217834992.410027
15726553498.812803
19466352794.109005
25601361794.42792
19527364387.674515
13671552577.645185
15447307069.64288
13346691726.387022
25568452196.22855
22512517791.14328
2402683.676755179
14146608627.08138
29802224661.897408
14415590913.538912
14116355481.046263
12329819429.367552
14362340212.317179
18108293513.893276
11347938366.39076
20355281204.924957
31642122401.792656
1711252.0327668558
21244539230.351612
22187722926.531315
22724587803.191322
19518890081.95571
22790230426.055195
19516914890.130283
19370234313.565014
26985347220.679844
17639871742.338806
19789168948.3827
21021618397.369987
23980923265.348675
16566850594.9647
26528063579.633335
12550438513.946743
19443295985.42736
17046962169.477577
17229573752.566998
28824628808.20243
17862729502.392914
24185299469.678646
22168556951.777565
30709332843.819477
15759770787.647802
24882204308.620502
21299340710.255894
23846777592.62556
34553977999.8898
15614817212.27119
17000714779.764635
33657006745.011013
20808755407.942642
15203801262.768587
21863234402.068737
23910174002.921284
19574905932.44964
17661217772.751892
22618885621.9668
20616361581.15034
9980561216.646935
27852222916.857166
20665473879.305832
14083412033.50422
20185711656.12012
28016363520.571846
20278869105.034145
3149332.017820821
13915186575.920996
18986429007.757763
31818815416.061085
21946627774.836468
17260805628.49466
13739669638.670963
22165150905.36084
5014593612.554647
25476198404.985035
12218950919.276348
18381786970.213856
25413781664.00085
2049957.654254092
23389858435.549156
17105624138.766397
19181937479.493053
21002620711.136192
30270400202.4191
21733785346.670704
26324344882.179867
26867938034.808983
1885458.2105147613
33758076488.47438
18342360658.269905
1505713.1012837167
20956587763.402893
23958226374.964478
9691559088.744383
13155502379.663548
15602266037.721525
2383303.9097020207
27272205103.67489
18772418723.837116
27067161481.919914
34336719316.716934
26338156708.031128
17146609315.878506
21054531757.31185
18616348206.024876
25965263923.114185
14827898243.25536
16295497273.153563
26277860419.51157
24527173992.780956
14337643265.728933
1912151.6979241006
21694657258.90693
21096887055.33571
20041803576.708233
21863097456.483223
22295240006.94127
30924903377.08818
2048455.442571073
5720521559.620023
11727278863.196997
24803595108.726025
10059696917.56983
9407788505.587194
22453041842.74484
29593235949.981148
30319371899.139324
18381225517.65534
6070413426.806955
24799609154.307602
17533021704.647297
18901727709.54713
23926231559.125168
15477265590.115274
22378123654.558468
19821243492.392574
19460553317.84422
14251472264.751896
4047994.8248812635
20508102249.3951
18029868496.459103
25448481513.19645
15561840721.699474
12545050319.863363
27283998798.83144
26585826081.363514
13140730854.863276
19264927031.438324
18805896309.54256
16116517464.636566
23959845414.908623
12009240412.305016
19220858220.67029
15634451425.17313
20579607858.881626
14490563430.056711
9805225921.818996
19027300196.643566
15089813901.008354
24008589890.37974
20807021952.04218
24845730755.799385
18937376520.57002
19926215170.565178
23665214041.428482
33150606827.16301
25631941490.95525
13457225878.992569
26258982666.240078
29252625096.65919
11174809396.030357
13519824239.818491
26386346620.92047
16711951401.77466
24506881396.402626
18725061276.72461
24783019095.93314
25600549892.234848
11984224951.628597
26338584282.98176
23824675108.82486
23293538282.145798
17805579237.78227
24563151621.188286
21344386442.74749
21432332109.138645
16722204553.044544
17847306079.3914
21758895117.89302
21299889861.74279
14791278824.32754
17237899455.392303
29072072138.954372
17362549582.17033
21251602457.594185
17367244197.02396
2120481.3935926263
36987309281.60642
20545700153.18967
26699222917.762947
21979327645.502556
24899133625.44321
22013890938.01329
24306524254.28402
24822763431.754063
26025146970.501686
27057584206.269176
9255803380.17279
17441286332.18488
24113229321.824356
16463479588.245665
22293046011.904743
25199990020.07532
14985234476.038008
20369938782.810356
14431329635.118322
23881485779.365025
25397396643.97569
20608641984.178196
12126575453.371073
29233109374.491264
13248994949.867582
18486707866.58624
17474441100.2767
26507094468.67464
24267660307.724586
27575493909.176582
21836443887.493073
24040641625.319798
33328364597.161446
20458302957.75759
15789147241.56847
16071844726.200974
18461961434.532093
20265797872.66798
10758598135.160854
20468400303.949966
19748214237.217594
3935347.1530038603
19636997747.42162
23649959984.842182
26597642224.87391
10131716989.908056
19541481063.64834
25971608604.726402
15562738584.96046
27804850163.850124
18209834222.616295
25745824068.743015
20452878188.75129
20146113444.540234
16371537137.978405
27790733154.619713
17213958602.068092
25233743609.087303
18707949529.04113
25211696976.29295
30808046305.292336
14535474419.135685
23430471881.026615
22945049890.03739
17679270754.596733
15509313714.914122
21497278321.381767
23174611755.647438
21619759026.108833
23809916118.526234
17563766438.5602
21936751357.419113
27961888687.04105
1319646.239027648
22084532372.728016
20635895335.53175
23293093788.196686
26288811985.551235
18751834528.186848
15484074781.431437
3210443.92920645
16963714396.360773
19206618519.49062
19107553635.821663
20590931202.981007
10808344097.621702
26093502806.07861
24182337640.10773
21248109237.748055
22636367107.30567
18372724914.517075
25072825462.416588
25351940414.461483
15023968887.620516
19623838398.926933
14456027171.601492
16618601309.0896
26731189838.447563
16369388345.623947
17473477117.98718
14094667068.27074
24187237907.53742
20611523824.222515
27076795848.760426
23261943186.12889
17634623579.01082
24515312576.691753
26710468729.1387
25214364173.392883
22728774735.68788
20247080437.753815
18155450917.241035
26333744109.458576
18298281815.240036
16532539665.900913
14007738227.58246
17624616990.935566
23881581468.70371
14762912660.609869
2012401.5388082427
20141946792.532543
24058474965.137875
20275001032.200523
22472145860.277935
21226273821.584324
19972571874.49284
14092967108.769669
14979704420.578054
22360546397.418972
25158776568.227814
5476546425.278668
27808120910.649456
2503176.314811666
25760228129.782764
12690148178.535471
21742639716.84434
21220688783.559475
17022046561.003853
16974289315.65333
1501154.5348195448
29860718854.78505
17506812411.140327
26029987841.89923
14466705881.786753
6451456474.86049
19506573166.43282
26887159284.23877
24943892095.30815
18839902179.172485
20748788901.110508
22323996007.01953
18661415274.96323
12556817380.789013
12751282974.17785
18724866145.35972
25656320229.9789
19244266215.984074
25211605595.478523
17375358836.674225
20044026297.53754
20353563609.312466
16326894264.80483
24266985921.735985
3203934.801925969
16893139374.634668
14287508682.918537
24117185542.984047
23965025538.20458
24257375464.932133
29598811441.10451
5711694176.360226
17335453751.482475
13054492923.800198
18418476148.703175
13422852001.947838
11285994848.418852
14026601775.01964
22323820338.205082
20234753545.90615
16730361360.534924
22665589832.162518
1468986.7950241372
23082071212.045135
23335627261.144585
24316417917.411766
1735330.3371584585
27971353557.794434
32841395719.22156
17802959298.74474
27270832213.291977
17112696881.979498
14712077726.954443
28387342506.931557
10937838171.604202
17051893777.50532
21031343979.461422
1946298.2601282648
27611344464.92773
14311753556.999697
17319218913.077076
17851820734.908222
17874483946.88343
24397337229.01345
17227223442.026073
22190188537.939697
16493666525.095137
21078158055.6108
11844046353.483929
23050203602.51552
24923234777.304638
13254840623.744131
25911765108.520973
20402343355.90569
20190252694.46128
27376405226.91959
22071691305.999725
1759919.778580455
29324777576.866802
26031011066.735844
26029334378.077847
14339188493.906454
1583902.3365480076
1828986.0113456624
21954415025.77575
21375457229.09808
16292680729.649899
19611886744.880802
19037532003.603786
21404803606.660446
27975479751.33255
12634157198.950615
27853798157.430202
10963306578.603506
20790888996.86279
16703133642.732082
14238793552.937447
14757162705.372675
20119752481.40941
15729888158.033018
23721094148.77003
23278718628.78113
2281565.8434764785
5043710487.281682
33257173461.25411
24015250009.815575
17901200002.550076
29387690410.020447
24033553730.021797
16149074401.903616
24688298165.547344
18513751525.851433
23192582306.845985
13639113475.5436
15632857083.669767
13697190327.703476
24553120997.94059
18111763053.93292
30388602071.503353
2006296.8193997438
5733260765.020052
23455092634.332428
24896850834.63441
25690003466.53109
26302422291.142952
31933104905.913906
16723369604.25174
20860206015.060024
20360854423.075497
25379355164.82087
30052282641.445312
21306911473.097485
24858973186.483006
23250788524.605576
16903824146.680946
16125216952.905035
18673846263.56619
13812958552.750677
19363091297.98126
13751870940.49556
14718771474.561663
21002766648.81966
11016754237.884802
19533797361.25855
25549234267.05765
23088575405.536045
21779466700.72058
14593710813.051218
27834654353.581154
20560089238.46109
25398719457.150608
16773799173.620708
17026570692.476444
29533046843.833076
14999763504.057535
998125.7678880309
17043362709.088188
15026607093.123264
7917660713.5001955
28038587276.060196
17683599726.819515
33020402453.956966
19404387367.111847
28556302460.648655
23394101285.98567
11632122139.599075
15515073430.642653
19725895227.19879
28796285486.916824
18830207105.600975
2892699.228729135
16053402101.999584
25660212941.827457
32333282038.410248
16090642406.676544
1248892.694419277
22622311594.34879
5914426187.530246
23430265211.698524
14831296409.241035
15621334259.942503
1961747.88403903
18904577007.308254
24237819935.498543
21153279262.288166
18533128860.4496
21624132598.375828
29315198133.599205
23259840438.225475
20486602965.172516
11045697949.725924
28227489327.564587
21728991057.122116
29707999243.80506
9682919555.679363
19062711254.802834
23209212967.732162
1815751.5471171273
24506737941.801186
17101599527.976784
23859540847.949432
22153014035.609745
17021713815.16692
1788193.974865935
29731264473.88533
10437731969.668203
16818658651.934675
21321581307.545662
20894428765.504276
19299950534.487343
24048408353.344406
12825606664.2364
11764461722.55773
1524109.594436877
13583424538.000055
21820705563.146503
27523537498.69005
14561255344.782524
20048772788.331635
14977036151.61873
23960889007.60777
21353374295.452065
23503895167.407867
21245642866.18217
1628658.913585347
20283717614.02448
21494895180.612804
31285766077.605583
20905772967.48393
20479088956.094284
27520445794.724545
15376232527.093813
22153661212.263386
12796297321.752035
18354489914.96231
16118045514.409939
27336201961.68263
17442265170.69305
23922077686.60734
20814402855.321682
1979682.7622531035
24847357586.444218
21650666738.08209
26010979614.36774
13651197228.62313
13660697374.739702
17432930656.639473
35187939451.16286
14421809549.283064
33386596783.55135
21601443286.35541
13037689553.608402
30495480532.879246
25256818554.66391
16995162821.72218
15962110883.750364
21530157181.40472
16622078899.374609
12966490032.301828
22135229248.94591
16457102981.681072
31363188958.01222
24329337971.798573
23546610469.628906
23385485733.84589
23809927626.843746
11941822653.778326
13302359686.96327
27643492362.466846
28816615207.227978
19330985693.933846
15964846423.7239
24902755709.72453
19287984555.12452
16692149697.897202
18510184954.955284
1873593.7418752718
15456750656.928352
20760203548.59436
15510298220.78738
17316038129.563236
27249427820.208534
26712528000.412262
20754449921.85805
15826507201.927483
19967923928.630352
16823405889.880116
30938459946.32806
26583590635.52592
23111632919.817547
2262217.5960411686
20894419659.938915
19045704317.974483
17635812110.16565
20417842500.46814
24020681825.009285
19954192480.714073
12530155112.448593
22402450892.632526
13594234574.01748
24724875840.95408
22246680896.344193
16701115591.436758
33188707668.76271
32008468118.588024
24777027356.04545
15232447137.750805
23193004155.68214
23713045739.84013
32015719486.49805
15594775957.75613
6926814236.331431
25146682688.73719
18852189869.314262
10440806142.557472
20329946113.568848
23997271585.23542
23249977501.986813
23059604676.712864
15662197534.406746
18629857419.654224
7421623317.116593
20017109863.400185
22246339099.21848
28221668677.58836
27290719840.78858
16923608816.953314
12589244530.06506
26396412554.150845
21960071976.67575
20617244176.0068
21636120595.951046
23944525074.218838
23359050527.099266
19589330769.8379
16049283687.177368
25529445991.694447
1560309.0522568761
20787539549.650467
29693246874.127907
25045048491.323387
25582777006.957214
2127918.0671245926
15390652020.070543
25102049961.86588
28776408814.9539
22848621208.220436
26852057366.141445
1746123.8987430197
31696252562.81366
21588512746.90937
14221187942.402145
22883432538.383408
29372957302.81025
22184048171.29592
12803966114.54868
24304059469.12078
25149568645.140835
26663556384.29966
17804613111.829662
19407229911.73402
26531328908.273823
23271944354.435444
22698667980.743874
19941700715.123447
22469720874.177044
17694281512.356945
31212777515.24867
26101935852.636562
21733237040.061394
30771020993.532444
19756171738.272366
23181538465.238876
26224355960.429855
11308950102.545458
20215153736.53715
27709974411.625473
1462574.6520156283
21181752598.75485
21865542067.612103
18634019470.035656
17952798565.16856
18881563563.486336
28244979389.792027
26483715672.155704
24616426212.84269
17831972373.40623
21992103773.62205
23656555588.600533
22016988637.82968
22062913337.286232
15897570655.8122
22194595903.016293
22284163911.832832
17420538110.23352
15036204551.857847
29771039625.715927
18324205475.41269
23055174781.24843
19185063604.26594
1809465.4194009448
25817650176.44802
17116887312.445847
26553109971.39601
21577955447.57112
23927440741.18059
19626257909.54699
34783261984.32523
22132713541.899727
29787904489.990704
26733760493.594933
9115166405.2644
19738396902.716217
28458066018.668972
20472804680.344803
15775150839.65402
22438245169.294525
26472795234.83717
14486519120.791971
18078524386.274677
24537856114.939423
24210644606.158516
13793968159.203922
17193661624.661167
22258190082.889854
23416127141.433754
17704274368.518047
26327986958.239647
23570237851.482662
6869229034.970431
24085041840.30994
16618650543.548983
18512398925.399555
22333455012.92342
18008239914.94955
2094168.923906319
29374842725.569473
20544731459.633995
22502136415.43919
18720185920.03006
4553482981.239262
25807118230.0537
23004976621.603127
26208502582.55906
28603279390.466003
27410294125.279263
19841132315.025364
25624976638.618008
23447966469.138077
22635544742.69811
28085490927.714207
14108569489.96577
27419707494.60478
27067307226.960186
6154554311.932379
21516870597.952366
1828107.2468629265
18284249615.34514
24140734836.956116
14359146584.057562
13283472300.044552
28980890340.949554
20300355140.849495
33439864795.180515
23678466778.39683
33882375753.7421
13970742948.032965
27075456796.937004
11789615359.048315
26671585748.495888
22160321853.177914
18523929325.910698
33561333344.45446
23226029040.364933
1380989.4767208945
22317641437.959274
23783781340.948093
15880822329.57984
14957843150.84872
16220668737.601933
14440820283.948618
21273043909.867233
24435044076.442867
17795878587.41922
19523607212.13211
23714101365.325592
17321570548.74684
26562159873.542675
14792561311.53549
12905221306.714975
21751575379.02595
16889175452.871292
27472636978.84945
20431294496.598938
12957740020.088428
17193183181.60875
22915359256.70924
18303654226.797447
19626225078.912773
21719504713.913456
19409647274.834114
25285877729.21638
15573395842.441685
34967609120.16787
25088523026.767082
23589346534.15323
23211792154.7741
3240181.990364005
23474979504.09536
25879980011.66076
16369049988.312847
21978001297.44701
23759606705.48258
30491948944.36048
21119665547.96308
5037069812.598571
18543615394.39679
16724819203.861826
18927125359.130127
10774378013.040537
15856846677.489754
23008122503.355885
19712036633.18728
18623162122.486694
33305381274.46753
24867029088.124653
14702600606.03498
16630263011.303362
28892479910.596874
25561388812.295746
16609553947.800188
2589772.4798251824
17820932817.323128
18606348399.59691
1258101.6170871577
21877548773.404846
26082011701.687317
21180437719.26865
22642149292.330753
19140011974.693798
13510894282.833117
19152579945.70879
15213120346.223383
25163163614.92487
23485715032.612396
25114177769.23719
19284606224.9482
22785667652.7507
24800917177.030933
32815964771.11067
22061080038.376217
2968624.126807336
27783039518.359333
27160344562.95235
17601850738.32569
20270241684.223427
23616490287.488754
16173788866.345713
15728058910.083523
20701544278.1565
18712530256.577915
28440499202.76391
26326732624.98744
14429222823.399841
18101425750.425617
16670207494.088497
10640148704.399967
21122091984.4461
32277500106.742966
20107980285.335342
10525055905.301537
20936021666.30142
22101488881.70567
23331566601.863747
10283367486.601208
20637050209.37664
24643821413.246998
17961222501.34906
26263284057.13285
17822192483.451874
20114805787.581955
19025622743.566513
11865569887.58593
18923014143.969913
18141675282.59406
23893499101.89017
13145971851.498926
14579118210.268301
21466356890.48498
20909825266.113647
20030281498.320724
19450235129.69902
23556977559.599384
30528568656.608932
23669775264.620335
15312856035.358175
20237316076.04427
15040896760.419245
27101682853.83846
25424907144.23371
21833498224.519127
25022882138.544075
22216329484.560593
25604102461.074623
27158619334.7715
9456186921.316853
14544359190.90706
24371277184.71021
25037640067.19897
26621083330.86499
15818137339.31221
17392679106.13261
18771103234.683422
34773787870.35821
18068719398.047806
26128808523.171085
20530247191.33324
14417524570.221355
22747554553.040146
15303138190.964657
18656100698.162212
23603625621.165974
17139092738.91588
30103765866.929844
20908165518.80668
28996853776.876884
16537618208.497055
20375518824.85621
15014449658.165539
26713515933.670837
24481149056.054626
16217880638.220266
15871625395.677946
25175565387.789986
1738313.6786772935
17357325107.6765
19478899709.15811
17490143659.496593
26121944666.706425
25441075434.27629
12348032957.168226
19268873731.568768
25673955909.034092
15901969348.897861
26385232225.786346
21678460323.094196
19428503300.412014
20160750189.902542
30675072561.906876
21508191918.9095
18399184557.513664
16646894243.21212
20596332975.046356
18117297415.017532
20532560749.780514
18359730147.64534
26757448624.480534
17580966408.02046
23537087854.910637
17445941669.57928
26396986087.48544
25945035291.01838
25825266876.256363
24412838631.10626
20268017699.426846
20320242594.4682
15885850668.748814
30832842078.823776
22115328041.193195
19685203998.5629
24765621250.149616
25352497505.645535
12338335574.488264
3297543.699122324
18175797435.70509
15930381313.526371
23315307368.29352
16783935131.53655
29142629501.9725
15724640136.55027
26045997764.587414
31898135506.135536
1629291.5062145875
23782650832.593445
28161324402.32517
19865473965.168728
18279072595.9371
14390410250.144346
31030569419.60675
14658939410.476183
17126519923.154436
19200473379.866173
24506758988.233315
22168637437.696354
16580880031.458616
16459595202.406027
25773699732.274837
21019904791.55335
24092873345.869297
8464905377.718525
19928676430.30081
26552319453.428093
17410075897.51768
23471521577.72324
30492387166.217617
22083436219.357327
18588560184.13409
27440782790.893036
23279282473.84872
21904982382.8303
21928383839.33381
17862709618.51943
17085316228.663994
20167481816.209995
20545971884.00483
22541014472.399906
23802127516.938286
20993366384.22978
16353664474.55219
19067637418.030327
1743379.4458495714
21068814971.851616
16245702758.607689
3742232.785557689
17841790576.16708
27181487952.48509
24011266110.206097
3218196.9058957323
25355143169.547928
25142803848.86616
2431343.1671018573
25374133413.857918
28149072955.50576
34035190274.165237
24486340252.267673
15036669861.620874
28406280941.874416
13368929863.182344
22950906206.62347
8509724481.880599
21559719456.863644
29105262180.397957
1895818.2230210442
22879995459.35982
25282918604.98993
15803800965.02477
22792306449.145943
23604345085.4915
24813792590.679485
17346014188.265263
6960386475.995299
16878116115.61263
28839293886.562775
21985868557.874073
17010185358.1964
9261006006.501032
26922196054.313347
11850831317.839863
16071667004.935677
16655067472.564322
17528042888.77803
32295261012.586327
3532509.037456174
19049877175.83108
17218834338.068398
24042279382.368977
19674044690.63305
28401313561.077545
21253736702.088127
26721609215.41074
23253695299.415054
18459779118.248974
13795735469.664679
3636029.7069650125
20980930170.582466
20387906251.338787
18903056260.16664
6965649952.00697
21806772448.91479
16030995458.36447
1912239.1628848906
21088076130.42484
23826787316.17453
3366721.534740062
20026289228.162285
14423472106.19083
16659748001.627958
26133185260.717617
13685722612.149002
32259202859.672348
18952409876.91372
23263224837.624123
18391805770.75169
26940941982.24941
7401808211.99851
16100442517.32674
21684725400.599266
18849188254.218693
26657149113.732853
15944650524.578838
20177896353.861214
29400511571.503315
22682982004.60198
22176990292.14707
23039104972.375957
24885650776.98965
13730844397.1286
18817948423.114132
22776417914.37389
25230080669.6712
16718737822.20835
27068980651.27671
11634135424.987617
28558237332.365746
18023897154.422977
